Crime ID,Month,Reported by,Falls within,Longitude,Latitude,Location,LSOA code,LSOA name,Crime type,Last outcome category,Context
a12ae24af7e6cc07b175c83b63f976c8b8ae93a2b4e8ebf26d12e3c1e3a3580c,2024-11,City of London Police,City of London Police,-0.106220,51.518275,On or near B500,E01000916,Camden 027B,Theft from the person,Investigation complete; no suspect identified,
22bcc39352b9afb07251327a21b6beec2a70d209083978d8e615f87372282999,2024-11,City of London Police,City of London Police,-0.105965,51.518514,On or near Further/Higher Educational Building,E01000916,Camden 027B,Violence and sexual offences,Investigation complete; no suspect identified,
eb0ec82e3cd2ecf2a0cf77b7a4f8b60978c212908ae2c3fed03436c4bb1abc18,2024-11,City of London Police,City of London Police,-0.107682,51.517786,On or near B521,E01000917,Camden 027C,Other theft,Investigation complete; no suspect identified,
a64f28967bda38e8c86781761fb310eb129d04e8b6e613330860250f28faf24a,2024-11,City of London Police,City of London Police,-0.107682,51.517786,On or near B521,E01000917,Camden 027C,Theft from the person,Investigation complete; no suspect identified,
fceddaf42201ef2c5b45339585b71dc3640db887825ce99957b84afc23dcbb84,2024-11,City of London Police,City of London Police,-0.111596,51.518281,On or near Chancery Lane,E01000914,Camden 028B,Theft from the person,Investigation complete; no suspect identified,
df55691882572a0c98fc6321a3f6e0ad502eec3f577a77cd2bfe886920020084,2024-11,City of London Police,City of London Police,-0.097078,51.519045,On or near A1,E01000001,City of London 001A,Bicycle theft,Investigation complete; no suspect identified,
e46af124f1a3146b6b1ce806fefb340212488e84e7ff72e270db3fe3e86d529b,2024-11,City of London Police,City of London Police,-0.096367,51.515355,On or near Foster Lane,E01000001,City of London 001A,Burglary,Unable to prosecute suspect,
25e2444ec1e9af68e4156c67b1f456d0428a1c48c7b9b95a32a776bd8b6b341f,2024-11,City of London Police,City of London Police,-0.097078,51.519045,On or near A1,E01000001,City of London 001A,Drugs,Status update unavailable,
2bec52657dff603a9c7332857a7bad987d5c3856772b039f0eed1d7c591e55a5,2024-11,City of London Police,City of London Police,-0.097245,51.515387,On or near St Martin'S Le Grand,E01000001,City of London 001A,Other theft,Investigation complete; no suspect identified,
aa260d8d5d5e864ad40b9619c06d36dd3e77572398b23084525438de23e79779,2024-11,City of London Police,City of London Police,-0.096367,51.515355,On or near Foster Lane,E01000001,City of London 001A,Other theft,Investigation complete; no suspect identified,
aa658cbc4833cfb066d3d3c5d94d95352c8f14110102b86eb5ff6be7845f1167,2024-11,City of London Police,City of London Police,-0.097245,51.515387,On or near St Martin'S Le Grand,E01000001,City of London 001A,Shoplifting,Investigation complete; no suspect identified,
f7f09fd1f67a8098fbc35a659e0d5451be7cf15f24b56f040631f6d74825c141,2024-11,City of London Police,City of London Police,-0.096367,51.515355,On or near Foster Lane,E01000001,City of London 001A,Shoplifting,Court result unavailable,
d1214f1a698e784b83f2f60ca3b46b1397d044df54cbb88525c1b9203af62bea,2024-11,City of London Police,City of London Police,-0.097245,51.515387,On or near St Martin'S Le Grand,E01000001,City of London 001A,Shoplifting,Unable to prosecute suspect,
f7f09fd1f67a8098fbc35a659e0d5451be7cf15f24b56f040631f6d74825c141,2024-11,City of London Police,City of London Police,-0.096718,51.515511,On or near Conference/Exhibition Centre,E01000001,City of London 001A,Shoplifting,Status update unavailable,
025a22e0621b06f4a9a17fdd7ad7324e4402a28b97b492c2579a8800e36623b6,2024-11,City of London Police,City of London Police,-0.097245,51.515387,On or near St Martin'S Le Grand,E01000001,City of London 001A,Shoplifting,Further investigation is not in the public interest,
960e74089862f43bf4114817917cb82f779cef8ec87a373fc061cdbe5273c745,2024-11,City of London Police,City of London Police,-0.097245,51.515387,On or near St Martin'S Le Grand,E01000001,City of London 001A,Shoplifting,Investigation complete; no suspect identified,
06072b6eb0929238a36cb39c71cccb84e5193331a5cefdf983bb6a9c982b2abd,2024-11,City of London Police,City of London Police,-0.097103,51.518461,On or near Aldersgate Street,E01000001,City of London 001A,Theft from the person,Investigation complete; no suspect identified,
9dbe5058954ca705085ddb88e8d820e21c10788000e81ff74c0fb1d81a4f199d,2024-11,City of London Police,City of London Police,-0.097245,51.515387,On or near St Martin'S Le Grand,E01000001,City of London 001A,Violence and sexual offences,Investigation complete; no suspect identified,
6a7407998f7e6419c0dbd2020a36d4c47de2ef290427d58394ffd7bf36f9fe91,2024-11,City of London Police,City of London Police,-0.097506,51.521228,On or near Aldersgate Street,E01000001,City of London 001A,Violence and sexual offences,Unable to prosecute suspect,
70248cb5167e3d5ade9c15ae71b6736d37210347b596ff72488b11138d3da369,2024-11,City of London Police,City of London Police,-0.098519,51.517332,On or near Little Britain,E01000001,City of London 001A,Violence and sexual offences,Investigation complete; no suspect identified,
dbb58eeb7fcb7ab4589b02ab181213ef97dbba921fec91f8be61c3afd7dbec91,2024-11,City of London Police,City of London Police,-0.098519,51.517332,On or near Little Britain,E01000001,City of London 001A,Other crime,Court result unavailable,
2d861174f45acfe77e440932554b25b2f59bc517b340790685c736c2c4677a68,2024-11,City of London Police,City of London Police,-0.091498,51.520483,On or near Conference/Exhibition Centre,E01000002,City of London 001B,Drugs,Court result unavailable,
9df9a95880cea9eebe854a67dd20fe75d6687f0e389891f3bfa9a36656e5f429,2024-11,City of London Police,City of London Police,-0.090553,51.518948,On or near Moor Lane,E01000002,City of London 001B,Other theft,Investigation complete; no suspect identified,
c647a106076485b4adb2fc9d7a8a720b26f1d80019886d9e0738909aca59db11,2024-11,City of London Police,City of London Police,-0.092297,51.518949,On or near Park/Open Space,E01000002,City of London 001B,Other theft,Investigation complete; no suspect identified,
e1bfd271a51f810e527d0df97af0dcfe3d9b2a191185f028c25947cc7592828b,2024-11,City of London Police,City of London Police,-0.094655,51.517369,On or near Parking Area,E01000002,City of London 001B,Other theft,Investigation complete; no suspect identified,
f67020638c63a1cd28b12ac2d8a1a31d3f5fe08414f77b6f64d219ebf1559d25,2024-11,City of London Police,City of London Police,-0.094130,51.519961,On or near Theatre/Concert Hall,E01000002,City of London 001B,Other theft,Investigation complete; no suspect identified,
ac654a60d07a8649a4ded648d4032ac90eb176da433bf0b4bfb8f962fbba1eb1,2024-11,City of London Police,City of London Police,-0.090105,51.520001,On or near Milton Court,E01000002,City of London 001B,Other theft,Status update unavailable,
0635046b6898d1463e08c9ae0fc2fcfffd25f69d750daffc316a2ef542d5362b,2024-11,City of London Police,City of London Police,-0.095704,51.516747,On or near Noble Street,E01000002,City of London 001B,Other theft,Investigation complete; no suspect identified,
dd4a889eddb53baf77035a24a573b4aa594c8735e5092fd2c78d968a22d63b98,2024-11,City of London Police,City of London Police,-0.093919,51.519812,On or near Parking Area,E01000002,City of London 001B,Public order,Investigation complete; no suspect identified,
0a406ab3d02a7b39f0f3519b5150f9f002c21ffcbc950ec0d64fd52e02679c70,2024-11,City of London Police,City of London Police,-0.095704,51.516747,On or near Noble Street,E01000002,City of London 001B,Public order,Unable to prosecute suspect,
bcc3bab3296d1b4b7f54df7d17c344fa78572232113aa2ff316ed5fef19c4892,2024-11,City of London Police,City of London Police,-0.090553,51.518948,On or near Moor Lane,E01000002,City of London 001B,Shoplifting,Investigation complete; no suspect identified,
b80808e501f9704a3addb1c2373c4b84556cbff392b9c07ccd2894f249b01590,2024-11,City of London Police,City of London Police,-0.090553,51.518948,On or near Moor Lane,E01000002,City of London 001B,Shoplifting,Status update unavailable,
07a13a79780e951d856b46f0a90339e286b4e1e9e44b9c3a3a7cd8d57fda7e25,2024-11,City of London Police,City of London Police,-0.090553,51.518948,On or near Moor Lane,E01000002,City of London 001B,Shoplifting,Investigation complete; no suspect identified,
3a753d4415637565b00d99313201eb79e90ffa0552b1f2b1e0e9109c75533825,2024-11,City of London Police,City of London Police,-0.090553,51.518948,On or near Moor Lane,E01000002,City of London 001B,Shoplifting,Investigation complete; no suspect identified,
6deff81849b316a1ef73534834c00cf9c6d677c71ead5eb6a94b330e096a0395,2024-11,City of London Police,City of London Police,-0.090553,51.518948,On or near Moor Lane,E01000002,City of London 001B,Shoplifting,Investigation complete; no suspect identified,
48c85f09f70171d777bda9a505b03cb6da526c62770371c2ff516d2ee6d2dce3,2024-11,City of London Police,City of London Police,-0.094130,51.519961,On or near Theatre/Concert Hall,E01000002,City of London 001B,Shoplifting,Status update unavailable,
3d05626923faa8c1eb77fa9708e5a3e3d111fc396da3f83f40438818356087d2,2024-11,City of London Police,City of London Police,-0.090553,51.518948,On or near Moor Lane,E01000002,City of London 001B,Shoplifting,Court result unavailable,
4960676fc21d250fa2e18072376f57c0004e5a1e1316c9af7c0acd221af89771,2024-11,City of London Police,City of London Police,-0.090553,51.518948,On or near Moor Lane,E01000002,City of London 001B,Theft from the person,Investigation complete; no suspect identified,
bdcaf97aa530da7868dd5994033f0e032f3807905e5368f447147b5e5d543915,2024-11,City of London Police,City of London Police,-0.091498,51.520483,On or near Conference/Exhibition Centre,E01000002,City of London 001B,Theft from the person,Investigation complete; no suspect identified,
67392f9de07aad7b7cd1213cb3ee746d0db435d8e214afa1d4cb7c5f62794ff3,2024-11,City of London Police,City of London Police,-0.090105,51.520001,On or near Milton Court,E01000002,City of London 001B,Theft from the person,Investigation complete; no suspect identified,
704b1572188b354ceb72df6ff4d14e9e3ac4065b543e47ab88f2932d2c46add9,2024-11,City of London Police,City of London Police,-0.092488,51.520598,On or near Silk Street,E01000002,City of London 001B,Violence and sexual offences,Investigation complete; no suspect identified,
43d56a9f25bef4cef00799a5b640cb9f47111405f2f0b1da76276e24c0f4e010,2024-11,City of London Police,City of London Police,-0.094130,51.519961,On or near Theatre/Concert Hall,E01000002,City of London 001B,Violence and sexual offences,Offender given a caution,
d50ef955dce37239158f51f1736890c9d39f0661a2dd1243b1a339c075028def,2024-11,City of London Police,City of London Police,-0.090105,51.520001,On or near Milton Court,E01000002,City of London 001B,Violence and sexual offences,Investigation complete; no suspect identified,
0f6b0c2654a321ba439813202db32ee87fb181b336abb875d980e16be7bb39fd,2024-11,City of London Police,City of London Police,-0.094130,51.519961,On or near Theatre/Concert Hall,E01000002,City of London 001B,Violence and sexual offences,Court result unavailable,
b4543e017f198bef9b8ca48d074dac823ff0fbdd6cc0fa6a87bf5d770df7c0bd,2024-11,City of London Police,City of London Police,-0.091495,51.518145,On or near Fore Street,E01000002,City of London 001B,Violence and sexual offences,Investigation complete; no suspect identified,
a6eada76e47e41bf6fd07904bc25018448e9284cd762d39f93f285a65222b8ed,2024-11,City of London Police,City of London Police,-0.094759,51.521435,On or near Brackley Street,E01000003,City of London 001C,Burglary,Investigation complete; no suspect identified,
14f6b12628c4c8d7c1383097d25b925615556d915966eb707f4cdf7c33844be5,2024-11,City of London Police,City of London Police,-0.095758,51.521667,On or near Fann Street,E01000003,City of London 001C,Theft from the person,Investigation complete; no suspect identified,
c052fc1ca8f74c964b6e646b5f8e030378920fdb2ddce6d06076730670f15ec2,2024-11,City of London Police,City of London Police,-0.095258,51.520526,On or near Beech Street,E01000003,City of London 001C,Violence and sexual offences,Unable to prosecute suspect,
21f668645a63a2113ccfdd2a3b947ca3aa727f063f03c03b58fa65dd833ce727,2024-11,City of London Police,City of London Police,-0.096984,51.522426,On or near Sports/Recreation Area,E01000003,City of London 001C,Violence and sexual offences,Investigation complete; no suspect identified,
85b5c657d1d1db2d33ad03d19457f500d55e1d747c1bacbbe95bd8a03c976832,2024-11,City of London Police,City of London Police,-0.095258,51.520526,On or near Beech Street,E01000003,City of London 001C,Violence and sexual offences,Investigation complete; no suspect identified,
,2024-11,City of London Police,City of London Police,-0.077511,51.515812,On or near Artizan Street,E01000005,City of London 001E,Anti-social behaviour,,
b07864c3592f004d8332a21a9bd73f5c4042916d571e4b4b4b068d3835bf7fa1,2024-11,City of London Police,City of London Police,-0.078849,51.516212,On or near Devonshire Square,E01000005,City of London 001E,Bicycle theft,Investigation complete; no suspect identified,
7697b6e5da4e6c1a303544317817312e25f647daad03ed4c3dd9ef9f96ecb101,2024-11,City of London Police,City of London Police,-0.076145,51.512642,On or near India Street,E01000005,City of London 001E,Burglary,Investigation complete; no suspect identified,
54254838d8a5f649a957f5d3c6c5383262e45b085dd65b7b0816fdcdd32db27c,2024-11,City of London Police,City of London Police,-0.073531,51.513813,On or near Braham Street,E01000005,City of London 001E,Burglary,Investigation complete; no suspect identified,
1c2ce0e0be7eb65b0dbc8279cf36b8d3b0b52207b0bd4217f5463f1b8c0cee67,2024-11,City of London Police,City of London Police,-0.075080,51.512625,On or near St Clare Street,E01000005,City of London 001E,Burglary,Investigation complete; no suspect identified,
b4b6084bd23596547cb9fec5c5405a0931976e7d31a9d4a6ee48d5c78433a41e,2024-11,City of London Police,City of London Police,-0.075080,51.512625,On or near St Clare Street,E01000005,City of London 001E,Burglary,Investigation complete; no suspect identified,
e2e064c475005e20094cdc2f098277ed95ae92efa8ead05bad66daa71772395d,2024-11,City of London Police,City of London Police,-0.075401,51.511164,On or near Supermarket,E01000005,City of London 001E,Burglary,Investigation complete; no suspect identified,
3a7729d0b15ec82eeea8f2fe0dfa5d90789ee0cdc33c316a77ecb40d892b68ec,2024-11,City of London Police,City of London Police,-0.074330,51.513647,On or near Little Somerset Street,E01000005,City of London 001E,Criminal damage and arson,Investigation complete; no suspect identified,
ba26d832247cd3134c595e0b2be5a0a886a7ad85e657103c88e01af98d0a80a3,2024-11,City of London Police,City of London Police,-0.076145,51.512642,On or near India Street,E01000005,City of London 001E,Criminal damage and arson,Offender given a caution,
c77c61a968542f4def999d5b3f3b7f817362d3f4b1a8aa354e5c46a7c6d70503,2024-11,City of London Police,City of London Police,-0.078849,51.516212,On or near Devonshire Square,E01000005,City of London 001E,Criminal damage and arson,Investigation complete; no suspect identified,
b652f940e898827d8cac3f1070f39acbcdcc49d077b307a9c2322d0fab0b24f2,2024-11,City of London Police,City of London Police,-0.074130,51.511224,On or near Goodman'S Yard,E01000005,City of London 001E,Drugs,Status update unavailable,
3e9545ed64877450d7d80e21628f5b9e98cd3a4dfa6189462a79bad0abc683ea,2024-11,City of London Police,City of London Police,-0.075453,51.511965,On or near Minories,E01000005,City of London 001E,Drugs,Status update unavailable,
2ea8f05eaada7c30de70fdd62ed81bdcaa8d97363a0171ace3673ccd306381ee,2024-11,City of London Police,City of London Police,-0.077169,51.517083,On or near Strype Street,E01000005,City of London 001E,Other theft,Investigation complete; no suspect identified,
9729b07a83a60acf8f84afbd454521589914974cf0146019816d6ac4408a0bfb,2024-11,City of London Police,City of London Police,-0.074925,51.514924,On or near St Botolph Street,E01000005,City of London 001E,Other theft,Unable to prosecute suspect,
52b2824f1e8d49458298c20a16ea76525107f07c97a61dd85e44d62bf57958a4,2024-11,City of London Police,City of London Police,-0.075080,51.512625,On or near St Clare Street,E01000005,City of London 001E,Other theft,Investigation complete; no suspect identified,
8fd579e7d5070b72c2d86edf350429566a2ae4f12ab871e3231afeab3f9a82ff,2024-11,City of London Police,City of London Police,-0.076716,51.515178,On or near Gravel Lane,E01000005,City of London 001E,Other theft,Investigation complete; no suspect identified,
2adceb32bca66eb1a3fd93dd62b633c22cd29ffce1f59238c35e3012a7e06d0f,2024-11,City of London Police,City of London Police,-0.074330,51.513647,On or near Little Somerset Street,E01000005,City of London 001E,Other theft,Investigation complete; no suspect identified,
a42e91fd82378a33d981a28176c2565b0c368a6b86e6e4db7471803c15f9e97b,2024-11,City of London Police,City of London Police,-0.075080,51.512625,On or near St Clare Street,E01000005,City of London 001E,Other theft,Status update unavailable,
61563b05f196efed570c3ca7af325c717bc58a93d7dd4a9856790a9658f6994f,2024-11,City of London Police,City of London Police,-0.074330,51.513647,On or near Little Somerset Street,E01000005,City of London 001E,Other theft,Investigation complete; no suspect identified,
ecac4d8016450d6c1ab94acf3cc08eb1e2ab4828333e51349e14d6c8d3ad773e,2024-11,City of London Police,City of London Police,-0.074330,51.513647,On or near Little Somerset Street,E01000005,City of London 001E,Other theft,Investigation complete; no suspect identified,
f0cf1b6b3c5a8d433ed06f1b75dcd2139a590e30955bf76aedeb2ac8c3d82b62,2024-11,City of London Police,City of London Police,-0.074330,51.513647,On or near Little Somerset Street,E01000005,City of London 001E,Other theft,Investigation complete; no suspect identified,
e297de94c59d4a087d35e850fcde4d7fb2ae3474074b68b8dace55869de5c2a7,2024-11,City of London Police,City of London Police,-0.074330,51.513647,On or near Little Somerset Street,E01000005,City of London 001E,Other theft,Investigation complete; no suspect identified,
63d7f18c4b61bbf1f29676a17c91f8da90dbc4b627576063f87431d5ac950325,2024-11,City of London Police,City of London Police,-0.075080,51.512625,On or near St Clare Street,E01000005,City of London 001E,Other theft,Investigation complete; no suspect identified,
9cb0f6daa382183beecedf8c8c90e9a2f876033120d28e55c9c2365f71d987f4,2024-11,City of London Police,City of London Police,-0.076145,51.512642,On or near India Street,E01000005,City of London 001E,Other theft,Investigation complete; no suspect identified,
842234331a005d100cff86237c6096d245035db43415c50a3309438c6ec8475f,2024-11,City of London Police,City of London Police,-0.075401,51.511164,On or near Supermarket,E01000005,City of London 001E,Public order,Status update unavailable,
79386608a26784938711c7b2b6e179a121a10a591dd5f87d8ec6d9127db24aba,2024-11,City of London Police,City of London Police,-0.076145,51.512642,On or near India Street,E01000005,City of London 001E,Shoplifting,Investigation complete; no suspect identified,
b4c1a8f44ca1aaab9720d99797cb9f8974e7be23500056ef2414920c42dbf054,2024-11,City of London Police,City of London Police,-0.074330,51.513647,On or near Little Somerset Street,E01000005,City of London 001E,Shoplifting,Status update unavailable,
f4c174efd5698a8d1a9c7dd8ced9079181073ca8f771894e736604e816e249e1,2024-11,City of London Police,City of London Police,-0.076145,51.512642,On or near India Street,E01000005,City of London 001E,Shoplifting,Unable to prosecute suspect,
d3dcb8747039dc8d31240f9046a4e9902065ed60ca99e0efa2ea3c7080328f6f,2024-11,City of London Police,City of London Police,-0.075401,51.511164,On or near Supermarket,E01000005,City of London 001E,Shoplifting,Status update unavailable,
7c43cca0244c6e0b3985e9568fd55d94d52aa8e146f5e2493922fa95dd212d60,2024-11,City of London Police,City of London Police,-0.075401,51.511164,On or near Supermarket,E01000005,City of London 001E,Shoplifting,Unable to prosecute suspect,
55fea22a0b00152784fe2834ef38aeac44c0b5fb056f32462486c9e3bdff3304,2024-11,City of London Police,City of London Police,-0.075401,51.511164,On or near Supermarket,E01000005,City of London 001E,Shoplifting,Status update unavailable,
e265e0474ef9e18bee918e434061ca086e5148d781afa68987b5ed61e03c79a7,2024-11,City of London Police,City of London Police,-0.076145,51.512642,On or near India Street,E01000005,City of London 001E,Shoplifting,Court result unavailable,
9fc27f2e5bf46ae59f13cc603f9871b62fd7d5e3b87baf4141bf4ab788e87a76,2024-11,City of London Police,City of London Police,-0.075401,51.511164,On or near Supermarket,E01000005,City of London 001E,Shoplifting,Status update unavailable,
55fea22a0b00152784fe2834ef38aeac44c0b5fb056f32462486c9e3bdff3304,2024-11,City of London Police,City of London Police,-0.075401,51.511164,On or near Supermarket,E01000005,City of London 001E,Shoplifting,Status update unavailable,
6cb0d80244c0ce467a6694ecd56563c0741f15803835a3485a1f278ecb65b8f1,2024-11,City of London Police,City of London Police,-0.075401,51.511164,On or near Supermarket,E01000005,City of London 001E,Shoplifting,Investigation complete; no suspect identified,
b566984fc4194d1a6d519fdb45e3f58fd72cbadc1d08cf553c16e3fdf40470a5,2024-11,City of London Police,City of London Police,-0.076145,51.512642,On or near India Street,E01000005,City of London 001E,Shoplifting,Court result unavailable,
73c02854e40bb8ef9f6670f0e0d1c0f4ebd63ed5cafd2031bbb5d36bbfc5d79e,2024-11,City of London Police,City of London Police,-0.075401,51.511164,On or near Supermarket,E01000005,City of London 001E,Shoplifting,Unable to prosecute suspect,
ef94801db58353c86fc0c0def4c062712fbc4aa277fff2f571cf47f62acf61ed,2024-11,City of London Police,City of London Police,-0.073456,51.513542,On or near Little Somerset Street,E01000005,City of London 001E,Shoplifting,Court result unavailable,
0c99c3d7ed4a3bf1cc0beeb0e60f34ccaccec39d23f8ff8e7f536c8a8ca8969c,2024-11,City of London Police,City of London Police,-0.076716,51.515178,On or near Gravel Lane,E01000005,City of London 001E,Theft from the person,Investigation complete; no suspect identified,
28a2ee7c26cf94f61ea2c8889afc731c943ca543e8294ccf54e4a0d343d5866e,2024-11,City of London Police,City of London Police,-0.078783,51.515383,On or near Houndsditch,E01000005,City of London 001E,Theft from the person,Investigation complete; no suspect identified,
a7d7d451d5c9927634c0aa49acf52b4d8b1936da25db4ee3d3139d5aa76fd83b,2024-11,City of London Police,City of London Police,-0.076716,51.515178,On or near Gravel Lane,E01000005,City of London 001E,Vehicle crime,Investigation complete; no suspect identified,
f58f209f822f7293bdb1427ec181dce9dedd55fbb32f0d0d9d473932dadda66c,2024-11,City of London Police,City of London Police,-0.076038,51.511759,On or near Hospital,E01000005,City of London 001E,Vehicle crime,Status update unavailable,
899c28ebe53e1b060f3eea0f9242da7fdc7d507be0fab527329e2d4c780cfe36,2024-11,City of London Police,City of London Police,-0.073456,51.513542,On or near Little Somerset Street,E01000005,City of London 001E,Violence and sexual offences,Unable to prosecute suspect,
6d5b8eb6abb3d1f75eb45dc962753dd1d45d140a3a80b5a8ec814e61c367ba74,2024-11,City of London Police,City of London Police,-0.075401,51.511164,On or near Supermarket,E01000005,City of London 001E,Violence and sexual offences,Status update unavailable,
2b62d4b823321d419db2ebc5505cc0bd42755a9ae3c3d8c298ce26ee8194a26f,2024-11,City of London Police,City of London Police,-0.074925,51.514924,On or near St Botolph Street,E01000005,City of London 001E,Violence and sexual offences,Investigation complete; no suspect identified,
c5e43391e532e16b77a803af44431d425843dd53529d3bd250a849d69c280237,2024-11,City of London Police,City of London Police,-0.078783,51.515383,On or near Houndsditch,E01000005,City of London 001E,Violence and sexual offences,Investigation complete; no suspect identified,
b1b12bafb9d485804f4fca8f8f953794b9494284d7edad9449f85a534e9ca4c4,2024-11,City of London Police,City of London Police,-0.073456,51.513542,On or near Little Somerset Street,E01000005,City of London 001E,Violence and sexual offences,Unable to prosecute suspect,
f782d50c1e365841f4b35be10a2a75f3d2d45623972cdda48ec2a078ba4d7f51,2024-11,City of London Police,City of London Police,-0.074925,51.514924,On or near St Botolph Street,E01000005,City of London 001E,Violence and sexual offences,Unable to prosecute suspect,
9fcfb9d7cf1c9b7a648ffe77901aa861dfe94b2c00cf93280f7c5c624af5b32b,2024-11,City of London Police,City of London Police,-0.075080,51.512625,On or near St Clare Street,E01000005,City of London 001E,Violence and sexual offences,Unable to prosecute suspect,
327d68bd3a22b27f88e68627290c7c5ea68a3a4ad0b84c6d8452a80f21159a1a,2024-11,City of London Police,City of London Police,-0.074330,51.513647,On or near Little Somerset Street,E01000005,City of London 001E,Other crime,Investigation complete; no suspect identified,
,2024-11,City of London Police,City of London Police,-0.102732,51.513426,On or near Ludgate Broadway,E01032739,City of London 001F,Anti-social behaviour,,
,2024-11,City of London Police,City of London Police,-0.081902,51.517296,On or near Liverpool Street,E01032739,City of London 001F,Anti-social behaviour,,
,2024-11,City of London Police,City of London Police,-0.079883,51.517326,On or near New Street,E01032739,City of London 001F,Anti-social behaviour,,
,2024-11,City of London Police,City of London Police,-0.085089,51.512105,On or near Gracechurch Street,E01032739,City of London 001F,Anti-social behaviour,,
,2024-11,City of London Police,City of London Police,-0.095224,51.513736,On or near Shopping Area,E01032739,City of London 001F,Anti-social behaviour,,
,2024-11,City of London Police,City of London Police,-0.079883,51.517326,On or near New Street,E01032739,City of London 001F,Anti-social behaviour,,
,2024-11,City of London Police,City of London Police,-0.088456,51.514975,On or near Tokenhouse Yard,E01032739,City of London 001F,Anti-social behaviour,,
,2024-11,City of London Police,City of London Police,-0.081902,51.517296,On or near Liverpool Street,E01032739,City of London 001F,Anti-social behaviour,,
dfa74f4cb7b58aa19de13fec5c18a848d4b126f7815fa42e67abbedd34d7effc,2024-11,City of London Police,City of London Police,-0.100588,51.512636,On or near Addle Hill,E01032739,City of London 001F,Bicycle theft,Investigation complete; no suspect identified,
d543ef6b1eb5caa6468b646f9782cc9ff48e093ca47bec746cf9e6e6ff904da0,2024-11,City of London Police,City of London Police,-0.095764,51.512549,On or near Friday Street,E01032739,City of London 001F,Bicycle theft,Investigation complete; no suspect identified,
62550511f31858f2219386a6ffc902114d7301f7562770e9d6088cdf09cb2484,2024-11,City of London Police,City of London Police,-0.094900,51.513209,On or near Bread Street,E01032739,City of London 001F,Bicycle theft,Investigation complete; no suspect identified,
6e7c5bc940445e3e200bea407c0b69dc01755c25db381c2bc1d197fbb0e0e016,2024-11,City of London Police,City of London Police,-0.095224,51.513736,On or near Shopping Area,E01032739,City of London 001F,Bicycle theft,Investigation complete; no suspect identified,
c67f3a3d86eb60e34329f4932db7d3a4feefe7ff0cd27966fd932091d0ac0b57,2024-11,City of London Police,City of London Police,-0.091823,51.514427,On or near Ironmonger Lane,E01032739,City of London 001F,Bicycle theft,Status update unavailable,
c99236a661047c276ef871fd71e321e92e4f5552df67d94f009ac64d000b934b,2024-11,City of London Police,City of London Police,-0.081512,51.518692,On or near London Liverpool Street,E01032739,City of London 001F,Bicycle theft,Investigation complete; no suspect identified,
654183966c8721605df95237c07aec8197382e81f896ad50e9e0420da56fc8c8,2024-11,City of London Police,City of London Police,-0.089208,51.509744,On or near Angel Lane,E01032739,City of London 001F,Burglary,Investigation complete; no suspect identified,
3a2721b29307b3c1b79b6048fbee32be32b622126889937ecb628feb0eedbfd4,2024-11,City of London Police,City of London Police,-0.082993,51.516360,On or near Wormwood Street,E01032739,City of London 001F,Burglary,Investigation complete; no suspect identified,
abd652ff6694f19332a2d3109f1c2a57bd006288f4f03740ca1a3a9c5e7a64b3,2024-11,City of London Police,City of London Police,-0.079521,51.511196,On or near New London Street,E01032739,City of London 001F,Burglary,Status update unavailable,
58922807d00d8c5b1e835d3ea1eef63da6bb80f01bd0b10f85a18d5dd8416cb8,2024-11,City of London Police,City of London Police,-0.079521,51.511196,On or near New London Street,E01032739,City of London 001F,Burglary,Investigation complete; no suspect identified,
a050b6fd98f8b07af15ad109ceaecd33e230cda5eff5b75e401ad474154817e2,2024-11,City of London Police,City of London Police,-0.092531,51.512658,On or near Queen Street,E01032739,City of London 001F,Burglary,Investigation complete; no suspect identified,
ad50f20726ade393e3ea968bddd0a5c12e1a03c25e25ae9721d3a5584f9468bf,2024-11,City of London Police,City of London Police,-0.089822,51.516103,On or near Coleman Street,E01032739,City of London 001F,Burglary,Status update unavailable,
538befbebcf5245cb1cd64ad76d0040297276fd5d3dddfa461970a7fb6995a2e,2024-11,City of London Police,City of London Police,-0.081091,51.508820,On or near Water Lane,E01032739,City of London 001F,Burglary,Investigation complete; no suspect identified,
2072987460cc2e10a4d3aa89497bb780bb15f8cd1b50ffefc0476569d583536e,2024-11,City of London Police,City of London Police,-0.084844,51.509700,On or near Monument Street,E01032739,City of London 001F,Burglary,Investigation complete; no suspect identified,
7a78f8801e78e5e24bf86109e5c551cf7f18a5b69ff31e68223294ba417ba16c,2024-11,City of London Police,City of London Police,-0.086019,51.513631,On or near Finch Lane,E01032739,City of London 001F,Criminal damage and arson,Status update unavailable,
2a3f11e6ef730a2a219d83e9f60028044408d25aea6779767fc190de2a785420,2024-11,City of London Police,City of London Police,-0.095764,51.512549,On or near Friday Street,E01032739,City of London 001F,Criminal damage and arson,Status update unavailable,
13979df7300380ebf60204d7d317be031126466ebd81753b8e4e82c684946821,2024-11,City of London Police,City of London Police,-0.100888,51.514448,On or near Amen Corner,E01032739,City of London 001F,Criminal damage and arson,Investigation complete; no suspect identified,
6c2fc3613a9c7bcc205cee75fbab5bd193be7d1af788e5712aeeef92a01f4146,2024-11,City of London Police,City of London Police,-0.084836,51.511939,On or near Shopping Area,E01032739,City of London 001F,Criminal damage and arson,Unable to prosecute suspect,
b5f3d8b6210432c8156d3115a8d7997098651ff61e125abaeeeed78b95930852,2024-11,City of London Police,City of London Police,-0.081113,51.516869,On or near Bishopsgate,E01032739,City of London 001F,Criminal damage and arson,Investigation complete; no suspect identified,
939daab323f08e1d535c55db37683169f9a5d9e54aa67b59439978d360a4182f,2024-11,City of London Police,City of London Police,-0.079907,51.517785,On or near Victoria Avenue,E01032739,City of London 001F,Criminal damage and arson,Court result unavailable,
da2503b053fd9d98616696625458d06fcd576a731959140c9017a9537a3222c9,2024-11,City of London Police,City of London Police,-0.081113,51.516869,On or near Bishopsgate,E01032739,City of London 001F,Criminal damage and arson,Investigation complete; no suspect identified,
948054a13712529a92b352fb3978dabac74e9ad21015e1b83e923bedc891dbc7,2024-11,City of London Police,City of London Police,-0.081902,51.517296,On or near Liverpool Street,E01032739,City of London 001F,Criminal damage and arson,Status update unavailable,
67b35bb6deca51c0c3c0729b093a0e285efe575e7ba2ca9436e31b0fc293ac47,2024-11,City of London Police,City of London Police,-0.101906,51.511794,On or near Theatre/Concert Hall,E01032739,City of London 001F,Criminal damage and arson,Investigation complete; no suspect identified,
3e6d57b7ddec5f608f7532d8268ab2c58ea5b0c1a144f8355efd59de2a3d5d92,2024-11,City of London Police,City of London Police,-0.102847,51.512717,On or near Playhouse Yard,E01032739,City of London 001F,Criminal damage and arson,Investigation complete; no suspect identified,
3f828de4339c94674601a5d241f0b6c2d08385e5905fbc2ac4fa82b544310fa0,2024-11,City of London Police,City of London Police,-0.086019,51.513631,On or near Finch Lane,E01032739,City of London 001F,Criminal damage and arson,Status update unavailable,
c6bef1629ae50bbc3eccf6cd14f31618a15453cfa8183d655ed77ba792224a35,2024-11,City of London Police,City of London Police,-0.091823,51.514427,On or near Ironmonger Lane,E01032739,City of London 001F,Criminal damage and arson,Investigation complete; no suspect identified,
caf35522df22f3053d10680b4bfb73baeab26f6a61c4111917495c07c562f68e,2024-11,City of London Police,City of London Police,-0.077563,51.517656,On or near Sandy'S Row,E01032739,City of London 001F,Drugs,Offender given a drugs possession warning,
24570b9d7571a0deb492dafb65fe6f350e60ccc8b8c8427a7733dedeb8add6a2,2024-11,City of London Police,City of London Police,-0.095830,51.510967,On or near High Timber Street,E01032739,City of London 001F,Drugs,Offender given a caution,
89ef6b5e9f8e60e51b9b87c26ed918ccc12a426d945248dda7477a85e8c12751,2024-11,City of London Police,City of London Police,-0.079907,51.517785,On or near Victoria Avenue,E01032739,City of London 001F,Drugs,Status update unavailable,
96b16156c30d90f4418f331021e8bc166e26674131f0da194b5e3e5e2cbc6251,2024-11,City of London Police,City of London Police,-0.085089,51.512105,On or near Gracechurch Street,E01032739,City of London 001F,Drugs,Court result unavailable,
623b3fddf882a621d724c4832214e1234da9977341aa28c99993876b100956bd,2024-11,City of London Police,City of London Police,-0.081902,51.517296,On or near Liverpool Street,E01032739,City of London 001F,Drugs,Status update unavailable,
e873913c3164c729611899b115456d3712a6f7a9da1d891464f5824c9bce1aa9,2024-11,City of London Police,City of London Police,-0.087157,51.512624,On or near Lombard Street,E01032739,City of London 001F,Drugs,Offender given a drugs possession warning,
0f9c7ca51f90b6815ff0d030e1313928f55d3b34331c48d8e4af0c54bf656920,2024-11,City of London Police,City of London Police,-0.080043,51.521735,On or near Worship Street,E01032739,City of London 001F,Drugs,Local resolution,
5fb7df93b70fec5e98149122b543911bc64a598b75ced66ed713a188521b159f,2024-11,City of London Police,City of London Police,-0.096501,51.513874,On or near New Change,E01032739,City of London 001F,Drugs,Unable to prosecute suspect,
089aa6722043e59607c608bd0a5e2f6b77b6459f0ebc0128aa01ab066b35fdb1,2024-11,City of London Police,City of London Police,-0.081113,51.516869,On or near Bishopsgate,E01032739,City of London 001F,Drugs,Status update unavailable,
cc875b1d28c6687346287fd0b2070022e15869376f4fa368e3ac2f5ebe629dc4,2024-11,City of London Police,City of London Police,-0.089808,51.517461,On or near London Wall,E01032739,City of London 001F,Drugs,Status update unavailable,
620f13b529b20a3cc15118fa799129cd2b57dadc162f4a5ba5532785c2572186,2024-11,City of London Police,City of London Police,-0.084754,51.512882,On or near Corbet Court,E01032739,City of London 001F,Drugs,Status update unavailable,
154c33a902a228c8386e169b6641e81f11ef07ec690ceaf0e41fef0cebec646f,2024-11,City of London Police,City of London Police,-0.081902,51.517296,On or near Liverpool Street,E01032739,City of London 001F,Drugs,Offender given a drugs possession warning,
73880b70508d5fed714d160adf4e12873268992208b76575d0a4a58d1cec3fd6,2024-11,City of London Police,City of London Police,-0.078278,51.513666,On or near Mitre Street,E01032739,City of London 001F,Drugs,Offender given a drugs possession warning,
25fcb30b79709fd95c12b99370e41ffda61b3f9240a8c87354d4362176501690,2024-11,City of London Police,City of London Police,-0.095764,51.512549,On or near Friday Street,E01032739,City of London 001F,Drugs,Court result unavailable,
e287f550b5ea6ab0b670100bcbe2cc862d572576954eb9dc820b2a6ce18d3aa1,2024-11,City of London Police,City of London Police,-0.081512,51.518692,On or near London Liverpool Street,E01032739,City of London 001F,Drugs,Offender given a drugs possession warning,
a78851629b62239c7dc04937cdeae69621481dfad8180b00f399d65c5671b395,2024-11,City of London Police,City of London Police,-0.088903,51.510836,On or near Laurence Pountney Hill,E01032739,City of London 001F,Drugs,Unable to prosecute suspect,
7efe0d3084c3a5398fd47b47ff81f8e3839f7ea8b3b809967fdaadfc5217ffca,2024-11,City of London Police,City of London Police,-0.091823,51.514427,On or near Ironmonger Lane,E01032739,City of London 001F,Drugs,Court result unavailable,
b1528b54dc4142a8847969600bc4d05f79ca69ddb8e3f2ee88947169b27d6d9e,2024-11,City of London Police,City of London Police,-0.101906,51.511794,On or near Theatre/Concert Hall,E01032739,City of London 001F,Drugs,Court result unavailable,
1a0d64026a91c6377e7947cd92cb5d86e93ff15502a52a50de6f314b6c024352,2024-11,City of London Police,City of London Police,-0.085089,51.512105,On or near Gracechurch Street,E01032739,City of London 001F,Drugs,Court result unavailable,
f150dc1384844a585e32d9150b5d64d9830fe7aa83ea67a1dba637cf915fcda2,2024-11,City of London Police,City of London Police,-0.084844,51.510725,On or near Eastcheap,E01032739,City of London 001F,Drugs,Status update unavailable,
426fcc514cf5b36803eafacd9c2c5a8e6684061c320234a398638074915bc654,2024-11,City of London Police,City of London Police,-0.091540,51.511896,On or near Cannon Street,E01032739,City of London 001F,Drugs,Unable to prosecute suspect,
f07f46723013ade43eadd20bfc931ecbbde5ecb260c11834b025461d965cf490,2024-11,City of London Police,City of London Police,-0.079838,51.514267,On or near Bury Street,E01032739,City of London 001F,Drugs,Offender given a drugs possession warning,
fd67ce52a5f107199e682d16bf203df1d48298ce785619c59e2e3c10b4671dce,2024-11,City of London Police,City of London Police,-0.084844,51.509700,On or near Monument Street,E01032739,City of London 001F,Drugs,Offender given a drugs possession warning,
d538aecea0aa8363703bb9649ed4b30058eb738470c15b47fce2187d7e66769b,2024-11,City of London Police,City of London Police,-0.101906,51.511794,On or near Theatre/Concert Hall,E01032739,City of London 001F,Drugs,Status update unavailable,
d40fc722e12d44cc88ca68e3d797c388d7417a44ba2bded01d0dc88bfaf4bd6d,2024-11,City of London Police,City of London Police,-0.079521,51.511196,On or near New London Street,E01032739,City of London 001F,Drugs,Court result unavailable,
e2dc24085ab824e56c4c3cffb5835150eb6da305b32337182a4866385583a9a2,2024-11,City of London Police,City of London Police,-0.077563,51.517656,On or near Sandy'S Row,E01032739,City of London 001F,Drugs,Offender given a drugs possession warning,
620f13b529b20a3cc15118fa799129cd2b57dadc162f4a5ba5532785c2572186,2024-11,City of London Police,City of London Police,-0.084754,51.512882,On or near Corbet Court,E01032739,City of London 001F,Drugs,Offender given a caution,
358b36f734355bc8838edf4d46990b4752c04e84020855c29cefa9dc41656012,2024-11,City of London Police,City of London Police,-0.077563,51.517656,On or near Sandy'S Row,E01032739,City of London 001F,Drugs,Status update unavailable,
bd6d5699e8a193ba84d7a307ae94c840c6f2e277340393eb84216ecb88a64c87,2024-11,City of London Police,City of London Police,-0.081512,51.518692,On or near London Liverpool Street,E01032739,City of London 001F,Drugs,Offender given a drugs possession warning,
aeee052e73ba9910ef6dffcf49a294f32cc5203ba3078684f6735118d7b7302e,2024-11,City of London Police,City of London Police,-0.081902,51.517296,On or near Liverpool Street,E01032739,City of London 001F,Drugs,Local resolution,
650d7bac36ce164fd2e1a505b183718e4a4d485845095ebf9f73d2eac1efd8b6,2024-11,City of London Police,City of London Police,-0.091540,51.511896,On or near Cannon Street,E01032739,City of London 001F,Other theft,Investigation complete; no suspect identified,
df2365e61d4823a96586002f5d23a57b7f710f50e3d5e1f95a4f6bbebe2312ec,2024-11,City of London Police,City of London Police,-0.078755,51.518440,On or near Artillery Lane,E01032739,City of London 001F,Other theft,Investigation complete; no suspect identified,
e0ffc1b44251e4c29de4d41d2802ebdc5680b8de89640373ed2b1d287a4e88e2,2024-11,City of London Police,City of London Police,-0.082993,51.516360,On or near Wormwood Street,E01032739,City of London 001F,Other theft,Investigation complete; no suspect identified,
332a3147d0177d51e8ab1a244b607068821be6636617e1707cf97a9b1f55e44b,2024-11,City of London Police,City of London Police,-0.085228,51.511190,On or near Talbot Court,E01032739,City of London 001F,Other theft,Investigation complete; no suspect identified,
0728ec501b428ba881a568b2850fa5031a51fc12afc3823b9e8d1199d2ca241f,2024-11,City of London Police,City of London Police,-0.079521,51.511196,On or near New London Street,E01032739,City of London 001F,Other theft,Court result unavailable,
e21a1cb33b13bccbff36b1cb789f105518ff122e02c2d384f7974d1dd94e5285,2024-11,City of London Police,City of London Police,-0.094070,51.513079,On or near Watling Street,E01032739,City of London 001F,Other theft,Investigation complete; no suspect identified,
848ab106754cd9107b6b95ae0ef774c53c605ad3860b1e9c9b21b6988d5dd51d,2024-11,City of London Police,City of London Police,-0.086019,51.513631,On or near Finch Lane,E01032739,City of London 001F,Other theft,Investigation complete; no suspect identified,
0d7c81ffdc026db4c782066b44d414802f0c687b936030a6a34270ea0226ad8d,2024-11,City of London Police,City of London Police,-0.094070,51.513079,On or near Watling Street,E01032739,City of London 001F,Other theft,Investigation complete; no suspect identified,
ffd58f99c94e5ca06a34d5b59d03b6108d8d1644ac665dc5976e4d2666b3e1b6,2024-11,City of London Police,City of London Police,-0.081643,51.510070,On or near Great Tower Street,E01032739,City of London 001F,Other theft,Investigation complete; no suspect identified,
e604cc6f3cff2f14d4def9b9008b967864c8984fdd581d829ec307ccc17de50e,2024-11,City of London Police,City of London Police,-0.092036,51.511049,On or near College Street,E01032739,City of London 001F,Other theft,Investigation complete; no suspect identified,
75cc475b90a9d1652778e3f13576016059603dc235af5d4d17b9510a0c271cc3,2024-11,City of London Police,City of London Police,-0.078059,51.509967,On or near Trinity Square,E01032739,City of London 001F,Other theft,Investigation complete; no suspect identified,
0af1e7e70214a091d568e9e7285df6c0e2a11fe52c31fa45ba70a9ecc2ddbf53,2024-11,City of London Police,City of London Police,-0.089479,51.510864,On or near Gophir Lane,E01032739,City of London 001F,Other theft,Investigation complete; no suspect identified,
0e617aae1e0101db582659b390beeffc2c3ab8ef473a75e467d0524a5d8468a5,2024-11,City of London Police,City of London Police,-0.086019,51.513631,On or near Finch Lane,E01032739,City of London 001F,Other theft,Investigation complete; no suspect identified,
83759cf978911f599420879e2c4cc8c470bfbd8581f462c74d28a3ff1c93f818,2024-11,City of London Police,City of London Police,-0.094070,51.513079,On or near Watling Street,E01032739,City of London 001F,Other theft,Investigation complete; no suspect identified,
7c5b6b378ae60e77e8520a2fb2db986f903915e606544e939baaae781d437166,2024-11,City of London Police,City of London Police,-0.095830,51.510967,On or near High Timber Street,E01032739,City of London 001F,Other theft,Investigation complete; no suspect identified,
d36242060c2564ea5f576aceda0e6702ba4b21cf60bbc3810027a51a7837141e,2024-11,City of London Police,City of London Police,-0.085228,51.511190,On or near Talbot Court,E01032739,City of London 001F,Other theft,Investigation complete; no suspect identified,
8df7352245b22e388db12d802ded24884e838b7151e65f7f2d6698e8161816fa,2024-11,City of London Police,City of London Police,-0.081902,51.517296,On or near Liverpool Street,E01032739,City of London 001F,Other theft,Investigation complete; no suspect identified,
83f46f91b7ddc4dca75471ed54847a2cf33d68890dc9b5fab9327452991643bf,2024-11,City of London Police,City of London Police,-0.104276,51.513712,On or near A201,E01032739,City of London 001F,Other theft,Investigation complete; no suspect identified,
318c35854d7c62b89b849d1c8f4d3bdc05aef3a192c47f6596152e5f80720029,2024-11,City of London Police,City of London Police,-0.084754,51.512882,On or near Corbet Court,E01032739,City of London 001F,Other theft,Court result unavailable,
f4c07328cf247912e3d8b6c4f1f116ffe4b484a8a8ae176436925e61325b9a08,2024-11,City of London Police,City of London Police,-0.084754,51.512882,On or near Corbet Court,E01032739,City of London 001F,Other theft,Investigation complete; no suspect identified,
eb070fb3dc696194a8c57a2a613d3d48f7d44113cc508b1e5034ab1d1b5d7d69,2024-11,City of London Police,City of London Police,-0.083977,51.510441,On or near Lovat Lane,E01032739,City of London 001F,Other theft,Status update unavailable,
a7004e91ebc1eb891a95daab7929348c2d3f665eabfe1a5d66071a2491db1b44,2024-11,City of London Police,City of London Police,-0.079838,51.514267,On or near Bury Street,E01032739,City of London 001F,Other theft,Unable to prosecute suspect,
2df7b6fb14de53f7cb945103b8959422a5906450e0f812047122651955408915,2024-11,City of London Police,City of London Police,-0.078755,51.518440,On or near Artillery Lane,E01032739,City of London 001F,Other theft,Investigation complete; no suspect identified,
3a3990cb9f80d3a03d8ef7aaea3360408d5760f8e6fd36ab303ff11f70c40bb8,2024-11,City of London Police,City of London Police,-0.085228,51.511190,On or near Talbot Court,E01032739,City of London 001F,Other theft,Investigation complete; no suspect identified,
72f29664b6ba0f494a972c5c4d7ce271b7fefa73d22d5c5ec036183d95a99f32,2024-11,City of London Police,City of London Police,-0.091947,51.513188,On or near Pancras Lane,E01032739,City of London 001F,Other theft,Investigation complete; no suspect identified,
8e099e2ca97178e0da864436048be8a65b821d5f22c5747eb3e734d52394562f,2024-11,City of London Police,City of London Police,-0.091823,51.514427,On or near Ironmonger Lane,E01032739,City of London 001F,Other theft,Status update unavailable,
f6f96ca94f5e4a94d448f29ea3c0e7109b2b7e5a711938ed2b5808a18fa665a3,2024-11,City of London Police,City of London Police,-0.084844,51.509700,On or near Monument Street,E01032739,City of London 001F,Other theft,Unable to prosecute suspect,
b723d5dbd91ca857d47340fc8ff066e8940006f535fca81c60bac89db9b9904e,2024-11,City of London Police,City of London Police,-0.084910,51.512588,On or near Bell Inn Yard,E01032739,City of London 001F,Other theft,Investigation complete; no suspect identified,
1557d143f95fd8454ec5e9e1cddda8facdad6bcca15f3729e35d15cb90ee643e,2024-11,City of London Police,City of London Police,-0.089479,51.510864,On or near Gophir Lane,E01032739,City of London 001F,Other theft,Investigation complete; no suspect identified,
b8312ea12190b96bd6e1a28472f6a7b27b2061e513791c6435894454fd5a52d2,2024-11,City of London Police,City of London Police,-0.081902,51.517296,On or near Liverpool Street,E01032739,City of London 001F,Other theft,Investigation complete; no suspect identified,
d56b6c8774a1c5858885259542bc15db310ae6575b3ef1455f4e302763c5509d,2024-11,City of London Police,City of London Police,-0.094070,51.513079,On or near Watling Street,E01032739,City of London 001F,Other theft,Court result unavailable,
e241972f191445e7b65f65c24dcd82b04fc57511f16c5a2a3a9e89613b8b2157,2024-11,City of London Police,City of London Police,-0.079907,51.517785,On or near Victoria Avenue,E01032739,City of London 001F,Other theft,Investigation complete; no suspect identified,
a6b58f372965933e113ebfc01ffe03fa0204d23a2f4aaa8be1c5ff1aa90ac453,2024-11,City of London Police,City of London Police,-0.091540,51.511896,On or near Cannon Street,E01032739,City of London 001F,Other theft,Investigation complete; no suspect identified,
83f6d51e92d1e8163b340300553f7e5b2088523b04fe810b38a9476705f545e0,2024-11,City of London Police,City of London Police,-0.095224,51.513736,On or near Shopping Area,E01032739,City of London 001F,Other theft,Court result unavailable,
68dfb7bd9638ffd042a947e7feb61164235700d5d7ef79b1e4f3405426d2b3b9,2024-11,City of London Police,City of London Police,-0.092531,51.512658,On or near Queen Street,E01032739,City of London 001F,Other theft,Court result unavailable,
2e13ea23afd9815f1a3f3d4cae3bba3dea9dee3a5d40b70ab5e1cd01b074bcfa,2024-11,City of London Police,City of London Police,-0.084836,51.511939,On or near Shopping Area,E01032739,City of London 001F,Other theft,Investigation complete; no suspect identified,
f05140ce3b561361712faa09311be3d5f4a346d3ca7d672554f017e52bacc26a,2024-11,City of London Police,City of London Police,-0.083977,51.510441,On or near Lovat Lane,E01032739,City of London 001F,Other theft,Investigation complete; no suspect identified,
253c5654bd3cac4b2012264f2551fa56c0383dea1bd0952cc6b1ab632ff9045c,2024-11,City of London Police,City of London Police,-0.091947,51.513188,On or near Pancras Lane,E01032739,City of London 001F,Other theft,Investigation complete; no suspect identified,
f259d6ba0dfdebe848fbe879b0b08af40fc91a3d3a73cca59dcd69aead87cc77,2024-11,City of London Police,City of London Police,-0.087157,51.512624,On or near Lombard Street,E01032739,City of London 001F,Other theft,Investigation complete; no suspect identified,
5827899184bae9d2217f26d399177c7c531cbe3eb00ef807c5be10a2c79726c4,2024-11,City of London Police,City of London Police,-0.091947,51.513188,On or near Pancras Lane,E01032739,City of London 001F,Other theft,Investigation complete; no suspect identified,
b44ed39f68a5b5e0822dd4fb307a6d6a8ad691d4734a9b0f1b1db9c2eaf4aeee,2024-11,City of London Police,City of London Police,-0.091540,51.511896,On or near Cannon Street,E01032739,City of London 001F,Other theft,Investigation complete; no suspect identified,
cf3dd55bb81ef2c97916a26172318f24da03da8a21293630753aa8e2c3428134,2024-11,City of London Police,City of London Police,-0.094070,51.513079,On or near Watling Street,E01032739,City of London 001F,Other theft,Investigation complete; no suspect identified,
279d9a9fac8eb07699a18961c2319258e41e29acc792d8a832bcf53e3d516c1d,2024-11,City of London Police,City of London Police,-0.083977,51.510441,On or near Lovat Lane,E01032739,City of London 001F,Other theft,Investigation complete; no suspect identified,
2869b17379c2b0e7c55baf5bafe85af01060da8b3ccbc77f1591999ed8cf4988,2024-11,City of London Police,City of London Police,-0.091947,51.513188,On or near Pancras Lane,E01032739,City of London 001F,Other theft,Investigation complete; no suspect identified,
299c9060a67952b419dced6e25287cd915739edcee457cf23254fc6a6168d125,2024-11,City of London Police,City of London Police,-0.077959,51.511332,On or near Crutched Friars,E01032739,City of London 001F,Other theft,Unable to prosecute suspect,
ac591cb1e5e45cbe5c2d8213b558fcb0265a491bbb8e582bbd7f49e18c8f4b64,2024-11,City of London Police,City of London Police,-0.079907,51.517785,On or near Victoria Avenue,E01032739,City of London 001F,Other theft,Status update unavailable,
9b509747cdae195863f714a50a49c61ac5e952758e4601f20b948b4925f1ff4b,2024-11,City of London Police,City of London Police,-0.094070,51.513079,On or near Watling Street,E01032739,City of London 001F,Other theft,Investigation complete; no suspect identified,
355a29a0658747922b3ddbf83bd343f65e0eb6504a98a5516a37f7ced03a32ee,2024-11,City of London Police,City of London Police,-0.092531,51.512658,On or near Queen Street,E01032739,City of London 001F,Other theft,Investigation complete; no suspect identified,
835c320613e8e1374a8ea00698d3445ce607db8d962e841b9e0d28d4802d8fb3,2024-11,City of London Police,City of London Police,-0.096501,51.513874,On or near New Change,E01032739,City of London 001F,Other theft,Unable to prosecute suspect,
f4d2b054039cfb34045e20f54fcd34c097d8125fbffa2f197bfab6902872d254,2024-11,City of London Police,City of London Police,-0.087157,51.512624,On or near Lombard Street,E01032739,City of London 001F,Other theft,Investigation complete; no suspect identified,
8d4cc09cd5965376083b05e8a0ad372379eeeea5428e9e03061240836fa40b5d,2024-11,City of London Police,City of London Police,-0.091540,51.511896,On or near Cannon Street,E01032739,City of London 001F,Other theft,Investigation complete; no suspect identified,
d1adb9465915924873ef7d4e9791a324c5dbc7c5269f0de813551fa95501fbe8,2024-11,City of London Police,City of London Police,-0.095224,51.513736,On or near Shopping Area,E01032739,City of London 001F,Other theft,Unable to prosecute suspect,
1b97bbf3def439ebd2f3903da8101fde381b85482e8ac93ec408ea4f27790a74,2024-11,City of London Police,City of London Police,-0.078755,51.518440,On or near Artillery Lane,E01032739,City of London 001F,Other theft,Investigation complete; no suspect identified,
98b60ea1eb893511191e8236fe5c462daf05a8ea1209a601d56f8b6f392534c2,2024-11,City of London Police,City of London Police,-0.087157,51.512624,On or near Lombard Street,E01032739,City of London 001F,Other theft,Investigation complete; no suspect identified,
23dd53ba47b79d12929cf88c978dde0a05120554550b1ae38503963f8e36f3da,2024-11,City of London Police,City of London Police,-0.079127,51.509607,On or near Byward Street,E01032739,City of London 001F,Other theft,Investigation complete; no suspect identified,
a68be75060fa61ab4ec4d3ad170634dcf5d030309df521dd2e2613a812bd77b8,2024-11,City of London Police,City of London Police,-0.087157,51.512624,On or near Lombard Street,E01032739,City of London 001F,Other theft,Investigation complete; no suspect identified,
e15d1b180fb6c8f472aa2872db92d08a2a60a6c124b1dbccaed77dfc839b8f9a,2024-11,City of London Police,City of London Police,-0.088785,51.517102,On or near Moorgate,E01032739,City of London 001F,Other theft,Investigation complete; no suspect identified,
cb4adb667f1a171122c3b050a9757e54e80d19ccaee56f272103a304d311e4e2,2024-11,City of London Police,City of London Police,-0.081643,51.510070,On or near Great Tower Street,E01032739,City of London 001F,Other theft,Status update unavailable,
8819024462ced399fa233ed617ea272f850232d42e53a7fb742e173637965e62,2024-11,City of London Police,City of London Police,-0.084754,51.512882,On or near Corbet Court,E01032739,City of London 001F,Other theft,Investigation complete; no suspect identified,
d203d6998e22f3a9d94c722f4bf537628287d7e2fa49e62a70a4ec6ab1e33d48,2024-11,City of London Police,City of London Police,-0.084844,51.509700,On or near Monument Street,E01032739,City of London 001F,Other theft,Unable to prosecute suspect,
ca38e4ea789f0004f3f352b3f8d9ecc3c5675b440ef500d5da00cf19454ffa4d,2024-11,City of London Police,City of London Police,-0.081973,51.515948,On or near A10,E01032739,City of London 001F,Other theft,Investigation complete; no suspect identified,
85d42775bc348b84438301047c2b531f42caff7b72df75042a68f434b1578239,2024-11,City of London Police,City of London Police,-0.092531,51.512658,On or near Queen Street,E01032739,City of London 001F,Other theft,Investigation complete; no suspect identified,
811467854410af01e102e5620f02a5dc989fec428fe8fb90f3ac126317162ca1,2024-11,City of London Police,City of London Police,-0.089479,51.510864,On or near Gophir Lane,E01032739,City of London 001F,Other theft,Status update unavailable,
8e16c7737f60c226f971a2b6c83eb385acbc3a308a2db1f0414936d76ea70eb2,2024-11,City of London Police,City of London Police,-0.094070,51.513079,On or near Watling Street,E01032739,City of London 001F,Other theft,Investigation complete; no suspect identified,
c4187e2f035d49f1a7af413799b20d2a4f44ef4c1f409afec6d9f62101eb1f31,2024-11,City of London Police,City of London Police,-0.091947,51.513188,On or near Pancras Lane,E01032739,City of London 001F,Other theft,Investigation complete; no suspect identified,
3919e9f67888456d6e3a42b0a60948a7a875c1f7b686f23834b4d1ea44e8e655,2024-11,City of London Police,City of London Police,-0.095224,51.513736,On or near Shopping Area,E01032739,City of London 001F,Other theft,Investigation complete; no suspect identified,
b8a90f509f1486b8e64b04b1b2a1214c615230cd399093214ff40935d1052214,2024-11,City of London Police,City of London Police,-0.084910,51.512588,On or near Bell Inn Yard,E01032739,City of London 001F,Other theft,Investigation complete; no suspect identified,
4c555a2109b3a0ff46de61f0377cf3f61183f5a1f7a8236c82514b8dc6cc5164,2024-11,City of London Police,City of London Police,-0.077070,51.510877,On or near Cooper'S Row,E01032739,City of London 001F,Other theft,Investigation complete; no suspect identified,
c16662b741a2baedfbb6f6629771242577dd8745b3a39a264771dfc02794f92a,2024-11,City of London Police,City of London Police,-0.082993,51.516360,On or near Wormwood Street,E01032739,City of London 001F,Other theft,Investigation complete; no suspect identified,
7f5bb14871bb05caf103db48a9b0eea31029c9a311f4b3f5fbc34f61fb4fd574,2024-11,City of London Police,City of London Police,-0.079907,51.517785,On or near Victoria Avenue,E01032739,City of London 001F,Other theft,Court result unavailable,
c487a6b0d387537410b9f56c55842c18a4ddf01f86f943b6288769fead09834b,2024-11,City of London Police,City of London Police,-0.089822,51.516103,On or near Coleman Street,E01032739,City of London 001F,Other theft,Investigation complete; no suspect identified,
306fdf8dae3b5d9d381f8269bf4495323430b285dde2b9850e0f6a8e3958b21f,2024-11,City of London Police,City of London Police,-0.086019,51.513631,On or near Finch Lane,E01032739,City of London 001F,Other theft,Investigation complete; no suspect identified,
18e36466a2291e96c5a299dcf687190b1eb03c70e3d1ddb30b0609eaad6f90f0,2024-11,City of London Police,City of London Police,-0.083600,51.509797,On or near St Mary At Hill,E01032739,City of London 001F,Other theft,Investigation complete; no suspect identified,
591b91333ae01b8944100ce648b7fe7729b2ea180acd3631ec4a9cd073d7c6a4,2024-11,City of London Police,City of London Police,-0.088785,51.517102,On or near Moorgate,E01032739,City of London 001F,Other theft,Investigation complete; no suspect identified,
ccc0a8b6befd967cfe1ac5ff96eb9918fa95e997d0d7b6ac94ec189a6a7da365,2024-11,City of London Police,City of London Police,-0.085228,51.511190,On or near Talbot Court,E01032739,City of London 001F,Other theft,Investigation complete; no suspect identified,
8f75d3555c91082201d8cadb847e5baf25ee1f37d98da12570aed8410b3c0117,2024-11,City of London Police,City of London Police,-0.091947,51.513188,On or near Pancras Lane,E01032739,City of London 001F,Other theft,Investigation complete; no suspect identified,
fcb8906f8f8e151f12153cfb8f052fd1bb79d7ed4cd7491bd483917d52083f4e,2024-11,City of London Police,City of London Police,-0.095224,51.513736,On or near Shopping Area,E01032739,City of London 001F,Other theft,Court result unavailable,
57371a01393fbf071b703ea9b1f9ab81a60cea622afa879d7e89538763bab953,2024-11,City of London Police,City of London Police,-0.087772,51.510665,On or near Martin Lane,E01032739,City of London 001F,Other theft,Investigation complete; no suspect identified,
0f9584d792a44b499a5b328bf374d3ade0813a9449f81801806117bd24d2ade5,2024-11,City of London Police,City of London Police,-0.085228,51.511190,On or near Talbot Court,E01032739,City of London 001F,Other theft,Investigation complete; no suspect identified,
27fbcad835f929ba5d09ce493aa3e8a695eea1945d146f279014e756d112a7c3,2024-11,City of London Police,City of London Police,-0.094070,51.513079,On or near Watling Street,E01032739,City of London 001F,Other theft,Investigation complete; no suspect identified,
da9e2ed9b04a3973e96acb003d0bcc03101aaa28c3e64023ad2b573d9b8637e5,2024-11,City of London Police,City of London Police,-0.085228,51.511190,On or near Talbot Court,E01032739,City of London 001F,Other theft,Investigation complete; no suspect identified,
60a60c626dd9d70eb1433983c5ffa77d4abb8bed790006f56c99d042871ce434,2024-11,City of London Police,City of London Police,-0.079907,51.517785,On or near Victoria Avenue,E01032739,City of London 001F,Other theft,Status update unavailable,
ba232adbd88e5b6a40e3e71046aa41be2e5f6d4a77eb513674c762db6e631d50,2024-11,City of London Police,City of London Police,-0.087744,51.516492,On or near Copthall Avenue,E01032739,City of London 001F,Other theft,Investigation complete; no suspect identified,
3dada571025836a03ba3be28a003a7d943e55cf01967c2f915a567bbfed15524,2024-11,City of London Police,City of London Police,-0.089822,51.516103,On or near Coleman Street,E01032739,City of London 001F,Other theft,Action to be taken by another organisation,
82a965230888176d7414140adc66481f1eb153ca8c9fec055fab907b7b67a548,2024-11,City of London Police,City of London Police,-0.088785,51.517102,On or near Moorgate,E01032739,City of London 001F,Other theft,Investigation complete; no suspect identified,
c0c7df305191c474afdd8615b461973220396ed7f42839e3accb0679ce34655a,2024-11,City of London Police,City of London Police,-0.085228,51.511190,On or near Talbot Court,E01032739,City of London 001F,Other theft,Investigation complete; no suspect identified,
35aa4f69077707506188b9150915669627d715e5ec46e3fdb217882daee600a2,2024-11,City of London Police,City of London Police,-0.088785,51.517102,On or near Moorgate,E01032739,City of London 001F,Other theft,Status update unavailable,
a937642627d9e8c911d11dba22efe7eef592d3acacb5b30212100ffd5fbddf20,2024-11,City of London Police,City of London Police,-0.094070,51.513079,On or near Watling Street,E01032739,City of London 001F,Other theft,Status update unavailable,
4df93e7bec588e082870721b134383e79b264b8ab9a519a6806f242668fbd8c2,2024-11,City of London Police,City of London Police,-0.092531,51.512658,On or near Queen Street,E01032739,City of London 001F,Other theft,Court result unavailable,
1310bfb3445c19d14afd5d801db9126d13605630d3b470ec89d6aa36e381d00d,2024-11,City of London Police,City of London Police,-0.079138,51.508312,On or near Lower Thames Street,E01032739,City of London 001F,Other theft,Investigation complete; no suspect identified,
bde27e959b030cf72c535c4aadc5ce8fc71ab39479e409fa4f2a03bb90b5699f,2024-11,City of London Police,City of London Police,-0.079883,51.517326,On or near New Street,E01032739,City of London 001F,Other theft,Court result unavailable,
b9d0917e2d825dbbc1471fe4409fc2c80595a128bd7445fb4244d723762594ff,2024-11,City of London Police,City of London Police,-0.079138,51.508312,On or near Lower Thames Street,E01032739,City of London 001F,Other theft,Investigation complete; no suspect identified,
ba8b7c4bdc4d1648fe6739ba6bf2e6f90fee492a42dbc7dd5d743bcff0d9d9ee,2024-11,City of London Police,City of London Police,-0.081113,51.516869,On or near Bishopsgate,E01032739,City of London 001F,Other theft,Investigation complete; no suspect identified,
20299615d105df5ff043d2a940da44ba5f2eca5c111bcb281e8f1bb3019b6113,2024-11,City of London Police,City of London Police,-0.083977,51.510441,On or near Lovat Lane,E01032739,City of London 001F,Other theft,Investigation complete; no suspect identified,
d128724ab7b4670656e76b3c6252bf77b67e44ad2474a8de27cdd76164c75aad,2024-11,City of London Police,City of London Police,-0.083977,51.510441,On or near Lovat Lane,E01032739,City of London 001F,Other theft,Investigation complete; no suspect identified,
e7ac5182d18c1328fa14c2225d2e42f712a4f1a03cbfacb6c5eef62b79b7be33,2024-11,City of London Police,City of London Police,-0.081113,51.516869,On or near Bishopsgate,E01032739,City of London 001F,Other theft,Unable to prosecute suspect,
20e5554f77d100c5078c84412116d45976034544d0c627e6032b4ddd5956c539,2024-11,City of London Police,City of London Police,-0.079138,51.508312,On or near Lower Thames Street,E01032739,City of London 001F,Other theft,Investigation complete; no suspect identified,
e7ebc71bfa5fc36d57c8adfc9c8f125196de173d3eb64a5b5be5c99a2158a04a,2024-11,City of London Police,City of London Police,-0.094070,51.513079,On or near Watling Street,E01032739,City of London 001F,Other theft,Investigation complete; no suspect identified,
6f6dcee31791bb240ffb4af759cb731be8f2888de78a57a74b2e2951ca32f943,2024-11,City of London Police,City of London Police,-0.084754,51.512882,On or near Corbet Court,E01032739,City of London 001F,Other theft,Investigation complete; no suspect identified,
ca2a83003d4e74b62be4daf928037e471791596a03cd524685f2a93916298a04,2024-11,City of London Police,City of London Police,-0.085228,51.511190,On or near Talbot Court,E01032739,City of London 001F,Other theft,Status update unavailable,
59fb015b9b4b6db4e4ac92998dadeab94e5b2cd085f82622c827e817fe84bcfc,2024-11,City of London Police,City of London Police,-0.085228,51.511190,On or near Talbot Court,E01032739,City of London 001F,Other theft,Investigation complete; no suspect identified,
e9b556176d0274bc2825970c841e321894685c0acbfba1c5114486335cb46767,2024-11,City of London Police,City of London Police,-0.101589,51.513515,On or near Ludgate Square,E01032739,City of London 001F,Other theft,Investigation complete; no suspect identified,
a306bd58f80df2dc261fe3f1a27c46add2d17982d61fe44a1eda5f1dd9fb309d,2024-11,City of London Police,City of London Police,-0.089479,51.510864,On or near Gophir Lane,E01032739,City of London 001F,Other theft,Court result unavailable,
1d568c7aa2dcf821a1ec64770397f45c08339c25fe124128439753c1b2814d1c,2024-11,City of London Police,City of London Police,-0.085228,51.511190,On or near Talbot Court,E01032739,City of London 001F,Other theft,Investigation complete; no suspect identified,
039cdf347308f5b68615a601adebe93960796bf75001ee61f4addff40427903f,2024-11,City of London Police,City of London Police,-0.084754,51.512882,On or near Corbet Court,E01032739,City of London 001F,Other theft,Court result unavailable,
23182b244519766b9d88d7385036f1a18b46949b72b9e7f622c0d1bd2fe490ce,2024-11,City of London Police,City of London Police,-0.081512,51.518692,On or near London Liverpool Street,E01032739,City of London 001F,Other theft,Investigation complete; no suspect identified,
e34b20d56e499f0eb0a26511c782d9127ffb14c83e451400e96d7fa0ad59327e,2024-11,City of London Police,City of London Police,-0.085228,51.511190,On or near Talbot Court,E01032739,City of London 001F,Other theft,Investigation complete; no suspect identified,
64bcff7f16b46c693e4ae986be86cc2397443776f179ce3fcb4378e34072af02,2024-11,City of London Police,City of London Police,-0.077959,51.511332,On or near Crutched Friars,E01032739,City of London 001F,Other theft,Investigation complete; no suspect identified,
d035cf0d389537a1f7ba71d524af3fd561edf5bdc3576dd7b4d80e6b812666eb,2024-11,City of London Police,City of London Police,-0.095224,51.513736,On or near Shopping Area,E01032739,City of London 001F,Other theft,Investigation complete; no suspect identified,
697a349d70ad73618e205617da387cc2223dec411c95877a7c6e69ff0782e3d8,2024-11,City of London Police,City of London Police,-0.085228,51.511190,On or near Talbot Court,E01032739,City of London 001F,Other theft,Awaiting court outcome,
86bf97b8638b006d3e0e4476fe299f0e60ecc1750c5bf93f3ba4ed0c454fa6b4,2024-11,City of London Police,City of London Police,-0.083349,51.514830,On or near Shopping Area,E01032739,City of London 001F,Other theft,Investigation complete; no suspect identified,
22f8e52bab4c42b2ce8e1b554fea29409d9dcb22e2bd0dd3130a445b52f232ce,2024-11,City of London Police,City of London Police,-0.088903,51.510836,On or near Laurence Pountney Hill,E01032739,City of London 001F,Other theft,Unable to prosecute suspect,
15d8f37dab32fedecedab4ac870882d7999f5011aea28bfdc6a05a614dfdc842,2024-11,City of London Police,City of London Police,-0.079120,51.514912,On or near Bevis Marks,E01032739,City of London 001F,Other theft,Court result unavailable,
4cf400b04a2c06aee3fbf277f568e36f7442a6b269b5c21dfe92524d61d76548,2024-11,City of London Police,City of London Police,-0.079521,51.511196,On or near New London Street,E01032739,City of London 001F,Other theft,Investigation complete; no suspect identified,
3962342ebf48f76feb65d7af982419fda31a58457a76d3db8dadd030f302ebf7,2024-11,City of London Police,City of London Police,-0.095224,51.513736,On or near Shopping Area,E01032739,City of London 001F,Other theft,Investigation complete; no suspect identified,
2d0aac0541f3edc6ad408cc3ae29f6519c6ff94c64bb68c1ecca766a25151db2,2024-11,City of London Police,City of London Police,-0.088456,51.514975,On or near Tokenhouse Yard,E01032739,City of London 001F,Other theft,Investigation complete; no suspect identified,
a5ecc9a5d7644fd355288fc29a6aa65b6f9a7e3e5235f3acd07b9c5ac87a2284,2024-11,City of London Police,City of London Police,-0.087772,51.510665,On or near Martin Lane,E01032739,City of London 001F,Other theft,Investigation complete; no suspect identified,
071002c27982eb9e7dcc5a4797f9ecd071334a039ca9117757cc761a3ca728ca,2024-11,City of London Police,City of London Police,-0.081512,51.518692,On or near London Liverpool Street,E01032739,City of London 001F,Other theft,Investigation complete; no suspect identified,
0022bfbb0a98a6c315c7bf4d127dba949db52dd119a78cfdd3cfef29a8ee0708,2024-11,City of London Police,City of London Police,-0.083600,51.509797,On or near St Mary At Hill,E01032739,City of London 001F,Other theft,Investigation complete; no suspect identified,
f260097a3a27b41087f1c7cefbd65506b6d205da734ee95ebcfc9cd7f9ac68cc,2024-11,City of London Police,City of London Police,-0.102134,51.513929,On or near Ludgate Hill,E01032739,City of London 001F,Other theft,Court result unavailable,
7d7099bdeb2abbf71d7075b70d91400b1a302134ccbb10b9fad386cabaec3f8e,2024-11,City of London Police,City of London Police,-0.094070,51.513079,On or near Watling Street,E01032739,City of London 001F,Other theft,Investigation complete; no suspect identified,
05c72f92606657325f2b46c67586109afe6c0198b33efd4355313a6d2b59fbb3,2024-11,City of London Police,City of London Police,-0.079138,51.508312,On or near Lower Thames Street,E01032739,City of London 001F,Other theft,Investigation complete; no suspect identified,
23a77eee83489b706f7bf4686351cd42db5717983a5bcb6b19edf4742f62d15d,2024-11,City of London Police,City of London Police,-0.084836,51.511939,On or near Shopping Area,E01032739,City of London 001F,Other theft,Investigation complete; no suspect identified,
423c48323c268fa40c0b5aa1bebfae36054f6af6e8ae07f091e1247bfe068c90,2024-11,City of London Police,City of London Police,-0.081643,51.510070,On or near Great Tower Street,E01032739,City of London 001F,Other theft,Investigation complete; no suspect identified,
c6805afc0d229faf0f6178d8fdabb611187a54ec2fe178cc55e6ea77dc801c11,2024-11,City of London Police,City of London Police,-0.081512,51.518692,On or near London Liverpool Street,E01032739,City of London 001F,Other theft,Investigation complete; no suspect identified,
5041c0a4e7ffb566bea869f14b4ad60b0b32acc99a9c188b7c4d02ce0196e717,2024-11,City of London Police,City of London Police,-0.095224,51.513736,On or near Shopping Area,E01032739,City of London 001F,Other theft,Investigation complete; no suspect identified,
08a973b02f5ab11dad00b0647fd024404578418111d281be7a86bdf6f29d08f1,2024-11,City of London Police,City of London Police,-0.081512,51.518692,On or near London Liverpool Street,E01032739,City of London 001F,Other theft,Investigation complete; no suspect identified,
474493c4184acae89ad8bc019fffbc75fd4363e80b7acb675184a73745b62c45,2024-11,City of London Police,City of London Police,-0.094070,51.513079,On or near Watling Street,E01032739,City of London 001F,Other theft,Investigation complete; no suspect identified,
cb4a4567d54e96ebf88103770cec8b66780e6707507dc5a24a8e1ed4e8edb574,2024-11,City of London Police,City of London Police,-0.086019,51.513631,On or near Finch Lane,E01032739,City of London 001F,Other theft,Investigation complete; no suspect identified,
8e1bea1ec8d7140292a6ac7edd165417a881e12b66cb6528b873b3a05166416f,2024-11,City of London Police,City of London Police,-0.080365,51.508943,On or near Parking Area,E01032739,City of London 001F,Other theft,Investigation complete; no suspect identified,
65bb079e6feeb18c75d7361f6661f438adfd39523b4023788305033dbb96577c,2024-11,City of London Police,City of London Police,-0.091540,51.511896,On or near Cannon Street,E01032739,City of London 001F,Other theft,Investigation complete; no suspect identified,
028fb86e4abbe62ecb2fc882a1f20a2b7d3bf43f1dbcbd4d9d3fd8a90252a756,2024-11,City of London Police,City of London Police,-0.079127,51.509607,On or near Byward Street,E01032739,City of London 001F,Other theft,Investigation complete; no suspect identified,
6bda0fc9a7c105c0eb2487eff2f36e147283a6e50b115ea6ca7fecf94b8738e1,2024-11,City of London Police,City of London Police,-0.084754,51.512882,On or near Corbet Court,E01032739,City of London 001F,Other theft,Investigation complete; no suspect identified,
3002e0dd318acc68c7a89a12825a0f2d7014326700f8038d0dbfc366e48a6477,2024-11,City of London Police,City of London Police,-0.080365,51.508943,On or near Parking Area,E01032739,City of London 001F,Other theft,Investigation complete; no suspect identified,
6fc1d81512b451128bb78e0094694397279de98f354a21d14cd84a793bb5dab1,2024-11,City of London Police,City of London Police,-0.077959,51.511332,On or near Crutched Friars,E01032739,City of London 001F,Other theft,Court result unavailable,
0a6b4f680eb2099cc46ce2c0289b9ad85c8bec7f13c3424d4cc9e9334273b41f,2024-11,City of London Police,City of London Police,-0.077959,51.511332,On or near Crutched Friars,E01032739,City of London 001F,Other theft,Court result unavailable,
ab4756f37dcb3755197ce12a7d70fc2ed90d23105fbb86c93472a2ddcabf2cf5,2024-11,City of London Police,City of London Police,-0.084844,51.510725,On or near Eastcheap,E01032739,City of London 001F,Other theft,Investigation complete; no suspect identified,
1037b38543ed1ee4f50b903a8a4fbef81ec2979ab5e751fb8ff32926886e596a,2024-11,City of London Police,City of London Police,-0.085228,51.511190,On or near Talbot Court,E01032739,City of London 001F,Other theft,Unable to prosecute suspect,
a677136fc22a9c289bb31f1f65c95e60debc94f47f1d5955a56685000a87f27b,2024-11,City of London Police,City of London Police,-0.079521,51.511196,On or near New London Street,E01032739,City of London 001F,Other theft,Court result unavailable,
716158c0f58da7cc7da5064ee77a588844d92dc02f79383f2abc74150fce1d12,2024-11,City of London Police,City of London Police,-0.101589,51.513515,On or near Ludgate Square,E01032739,City of London 001F,Other theft,Investigation complete; no suspect identified,
e729db1875d3490504e15cd09916c8663bbf322455ac268b3e204e734df1673f,2024-11,City of London Police,City of London Police,-0.091947,51.513188,On or near Pancras Lane,E01032739,City of London 001F,Other theft,Investigation complete; no suspect identified,
fd7a1139683847da458975bd41ce9580de55172c64482016f8dd4bbaa45c5f43,2024-11,City of London Police,City of London Police,-0.084844,51.509700,On or near Monument Street,E01032739,City of London 001F,Other theft,Investigation complete; no suspect identified,
dc8f480bb42e99afce585c6c0477f8f2a070f0e6b993f009faed57229ebb7c64,2024-11,City of London Police,City of London Police,-0.102847,51.512717,On or near Playhouse Yard,E01032739,City of London 001F,Other theft,Investigation complete; no suspect identified,
5e59e631ae37e16753f9c6b6d8cc84820d0b9ae1b69eebc3852b31b6542917d0,2024-11,City of London Police,City of London Police,-0.101589,51.513515,On or near Ludgate Square,E01032739,City of London 001F,Other theft,Investigation complete; no suspect identified,
a81250cbaf59022e2334338a58821a0bc32de9d78a5faca1b185c3b68fe35404,2024-11,City of London Police,City of London Police,-0.079138,51.508312,On or near Lower Thames Street,E01032739,City of London 001F,Other theft,Investigation complete; no suspect identified,
70b5e854aa4917fec0f908f795851a4dc564ac20de01bd95d92b80c8f90f4c0e,2024-11,City of London Police,City of London Police,-0.087772,51.510665,On or near Martin Lane,E01032739,City of London 001F,Other theft,Investigation complete; no suspect identified,
91c370111d7f9df383b0ecab8a245bfa27d4386ce04d175fde09901680cf089b,2024-11,City of London Police,City of London Police,-0.085228,51.511190,On or near Talbot Court,E01032739,City of London 001F,Other theft,Court result unavailable,
31a760efb50724995e3b10ea65c5e1aea7b58364e2f83f20c9458c16719d08fd,2024-11,City of London Police,City of London Police,-0.079521,51.511196,On or near New London Street,E01032739,City of London 001F,Other theft,Investigation complete; no suspect identified,
bdb14136052d3edb29575532227927e76520379aa2bb392a5c6cf45c3f641b8a,2024-11,City of London Police,City of London Police,-0.087873,51.516503,On or near Langthorn Court,E01032739,City of London 001F,Other theft,Investigation complete; no suspect identified,
879a9cc83ab23445920643a08f4c8ec4e60b6512d18e50ff96320923e064fe3e,2024-11,City of London Police,City of London Police,-0.087157,51.512624,On or near Lombard Street,E01032739,City of London 001F,Other theft,Investigation complete; no suspect identified,
f760d845c5cc15caa96864400270b8627be1b47354b86d64d08a737487b359d6,2024-11,City of London Police,City of London Police,-0.091947,51.513188,On or near Pancras Lane,E01032739,City of London 001F,Other theft,Investigation complete; no suspect identified,
45ed8af89712b30bdd493ed71816fe16d18cdbdff8874e57c06611928fed9901,2024-11,City of London Police,City of London Police,-0.101589,51.513515,On or near Ludgate Square,E01032739,City of London 001F,Other theft,Investigation complete; no suspect identified,
c5b9f4cbcd3e4534176c9f233ecd516bbe5cf829248ceadc6b02037105494e3d,2024-11,City of London Police,City of London Police,-0.079907,51.517785,On or near Victoria Avenue,E01032739,City of London 001F,Possession of weapons,Unable to prosecute suspect,
c4d8c3eff5331db20df945e4d0864ba08a010feb01b8d0d50aa98ec5d01a4249,2024-11,City of London Police,City of London Police,-0.083349,51.514830,On or near Shopping Area,E01032739,City of London 001F,Possession of weapons,Local resolution,
75019b8e7d2c3b014f91b8b23c82c754032bf1c905b907b3c69a43dfe4420661,2024-11,City of London Police,City of London Police,-0.077563,51.517656,On or near Sandy'S Row,E01032739,City of London 001F,Possession of weapons,Unable to prosecute suspect,
94142577469faf6003312a40c1350097174352b5a187bf85f852aff42fe724ea,2024-11,City of London Police,City of London Police,-0.081973,51.515948,On or near A10,E01032739,City of London 001F,Possession of weapons,Unable to prosecute suspect,
744b9369c88cfc46d5bb83a7e0f30c8636ce89ca9f7c223b122566ce5c917d13,2024-11,City of London Police,City of London Police,-0.079907,51.517785,On or near Victoria Avenue,E01032739,City of London 001F,Possession of weapons,Court result unavailable,
40b1b433038f696e36a873e22dcc5d9982bd59a6adb6e7477aa90250b5eec25d,2024-11,City of London Police,City of London Police,-0.083349,51.514830,On or near Shopping Area,E01032739,City of London 001F,Possession of weapons,Further investigation is not in the public interest,
24a1a0b982256ed13ca3d0fd0814b8d0dfa6545c7f3edf9a0faaa183a463f0c2,2024-11,City of London Police,City of London Police,-0.085228,51.511190,On or near Talbot Court,E01032739,City of London 001F,Possession of weapons,Court result unavailable,
3d8b14e9c80fe38a361e8e3a262e7aac76fbdd01ec2a99109366a0150bf87e38,2024-11,City of London Police,City of London Police,-0.081902,51.517296,On or near Liverpool Street,E01032739,City of London 001F,Possession of weapons,Unable to prosecute suspect,
53b01b2a76cc71e6a29051172d92ac066f119f6e86f284d61ecc88fa7d088513,2024-11,City of London Police,City of London Police,-0.079907,51.517785,On or near Victoria Avenue,E01032739,City of London 001F,Public order,Court result unavailable,
3fd02edd509774b98a843078eadd04055d23330868a6e68d075a86f2ddf38f13,2024-11,City of London Police,City of London Police,-0.079883,51.517326,On or near New Street,E01032739,City of London 001F,Public order,Unable to prosecute suspect,
721531587b4cc0bd1243a6ff99ae8966116b33d548b1d5cb5df6a57b475c4642,2024-11,City of London Police,City of London Police,-0.095924,51.513882,On or near Shopping Area,E01032739,City of London 001F,Public order,Status update unavailable,
e59fde3acd3f5ea23153ea84204e8e11af0e5f20913fcfa233b11ee1ba4ca38e,2024-11,City of London Police,City of London Police,-0.086815,51.517007,On or near Circus Place,E01032739,City of London 001F,Public order,Unable to prosecute suspect,
f5d4e77e590be44e4b5a6e7ae4e87022e9181345bfd71f28d9a2b9e0f741c31b,2024-11,City of London Police,City of London Police,-0.084844,51.510725,On or near Eastcheap,E01032739,City of London 001F,Public order,Investigation complete; no suspect identified,
8a5fa7eb0688cf7325147cc03b4d488251f62433ab4b7a23c014612e0fa30aae,2024-11,City of London Police,City of London Police,-0.079907,51.517785,On or near Victoria Avenue,E01032739,City of London 001F,Public order,Status update unavailable,
180b8ef743d2a086782c226a4c6091e3c2af6f44578799260112400858d58133,2024-11,City of London Police,City of London Police,-0.097176,51.510836,On or near Trig Lane,E01032739,City of London 001F,Public order,Unable to prosecute suspect,
5c0bfb233e31b51fa6e82a20d4091c28f0f7234136b807c7695210b999192c35,2024-11,City of London Police,City of London Police,-0.079138,51.508312,On or near Lower Thames Street,E01032739,City of London 001F,Public order,Status update unavailable,
9e9ad3334a3fb73ce106197866c875f38575a7588ae6bf2a7859d4a30f8fc089,2024-11,City of London Police,City of London Police,-0.102272,51.511656,On or near Puddle Dock,E01032739,City of London 001F,Public order,Status update unavailable,
e1193b536cf3c12a49f5c8a2780c954102f5f8d4c1d826b81059913103ea0b3a,2024-11,City of London Police,City of London Police,-0.079883,51.517326,On or near New Street,E01032739,City of London 001F,Public order,Court result unavailable,
8713a2c70318c8fddb488c0061d63fd8b7adf14b13e59db522badc29e74a2e52,2024-11,City of London Police,City of London Police,-0.084836,51.511939,On or near Shopping Area,E01032739,City of London 001F,Public order,Unable to prosecute suspect,
4a503ad4e5189c691fa2629698f73b10c5a7314992e758bd514bf57aed46bec0,2024-11,City of London Police,City of London Police,-0.095224,51.513736,On or near Shopping Area,E01032739,City of London 001F,Public order,Status update unavailable,
873d7aa968b3a21a9999d79def9153b93168ed474467acd3841c0853a0eb9440,2024-11,City of London Police,City of London Police,-0.079907,51.517785,On or near Victoria Avenue,E01032739,City of London 001F,Public order,Unable to prosecute suspect,
e404dd97d9385cdc3db906acb050457dc7eca9c3036ec4de5af811806e092e33,2024-11,City of London Police,City of London Police,-0.081902,51.517296,On or near Liverpool Street,E01032739,City of London 001F,Public order,Status update unavailable,
04b228a55767ad5fad565efc229fa79f564f23537a3597a3e34daa6edb16a18b,2024-11,City of London Police,City of London Police,-0.084754,51.512882,On or near Corbet Court,E01032739,City of London 001F,Public order,Unable to prosecute suspect,
26a79e5838279fb0e3de4954a4100b70cb8ec5e759b7bf46c3bc8e02d5113953,2024-11,City of London Police,City of London Police,-0.084844,51.510725,On or near Eastcheap,E01032739,City of London 001F,Public order,Unable to prosecute suspect,
9ac8f7e05203dbdbf650db7d1b29a9ba38e29d20f3a6e470c89b3f9cae763100,2024-11,City of London Police,City of London Police,-0.096501,51.513874,On or near New Change,E01032739,City of London 001F,Public order,Status update unavailable,
47b427bb6d84d5c90b869a35e490287826e6b366bf33a918227be7588b6d56ef,2024-11,City of London Police,City of London Police,-0.097291,51.514626,On or near Supermarket,E01032739,City of London 001F,Public order,Unable to prosecute suspect,
e35abdaca6f209f375b2de3573d6a9747ec38c798e5f0cb4f400d5ce52a94d0d,2024-11,City of London Police,City of London Police,-0.079883,51.517326,On or near New Street,E01032739,City of London 001F,Public order,Unable to prosecute suspect,
e404dd97d9385cdc3db906acb050457dc7eca9c3036ec4de5af811806e092e33,2024-11,City of London Police,City of London Police,-0.079907,51.517785,On or near Victoria Avenue,E01032739,City of London 001F,Public order,Investigation complete; no suspect identified,
0eee28e2f585f822bf4312a8eb309729a9c32fb4edfaed9a20d1039ba1e2336f,2024-11,City of London Police,City of London Police,-0.083977,51.510441,On or near Lovat Lane,E01032739,City of London 001F,Public order,Status update unavailable,
9c11db5ca661478a4b70dd732dc8bf1e99d773660d919c687473c48c2ce72b05,2024-11,City of London Police,City of London Police,-0.083349,51.514830,On or near Shopping Area,E01032739,City of London 001F,Public order,Status update unavailable,
4c5e5b880b989cd08c25b53c7efc1d72c07f8d38e33a9c415115e474e111dea6,2024-11,City of London Police,City of London Police,-0.083977,51.510441,On or near Lovat Lane,E01032739,City of London 001F,Public order,Status update unavailable,
da3045d53ac67f01a52296351397ac79033dcbdf25ab0f937d1ff1f7a4fea7e2,2024-11,City of London Police,City of London Police,-0.086019,51.513631,On or near Finch Lane,E01032739,City of London 001F,Public order,Status update unavailable,
3ee71a4313883f4511402f4a9ee8bcae8ff6dd29d7bc3bf3403c9d52e36c6d33,2024-11,City of London Police,City of London Police,-0.077372,51.512590,On or near Carlisle Avenue,E01032739,City of London 001F,Public order,Status update unavailable,
437dcc0f52e0335c961b7ea6dbb0a497583e548ed8b82b96928aebf9376b0d92,2024-11,City of London Police,City of London Police,-0.091823,51.514427,On or near Ironmonger Lane,E01032739,City of London 001F,Public order,Unable to prosecute suspect,
4cb47075473b297ab26bcb6a17a3800382ee68d6362184e5a6a8cb1c58c7510c,2024-11,City of London Police,City of London Police,-0.087157,51.512624,On or near Lombard Street,E01032739,City of London 001F,Public order,Investigation complete; no suspect identified,
f6ab644d86cf98a4fae63e496e34401833468c379213fb6ef5f359d193b6c8b4,2024-11,City of London Police,City of London Police,-0.079907,51.517785,On or near Victoria Avenue,E01032739,City of London 001F,Public order,Status update unavailable,
575d146334f6dd59382e9c4165aa79a54fdbc7c8530fc43d9fda3dfaf8057887,2024-11,City of London Police,City of London Police,-0.095224,51.513736,On or near Shopping Area,E01032739,City of London 001F,Public order,Court result unavailable,
384afa17c723abad653b29b4be3b28fd5b21a381368c7b104999594974560ae5,2024-11,City of London Police,City of London Police,-0.079907,51.517785,On or near Victoria Avenue,E01032739,City of London 001F,Public order,Local resolution,
30cd2d0fc35291b1e608f15ea7f0fb79c351559d612020750bbfcd524cccdf7e,2024-11,City of London Police,City of London Police,-0.084836,51.511939,On or near Shopping Area,E01032739,City of London 001F,Public order,Investigation complete; no suspect identified,
e3fa58b06040dc5af5fe87199bf9f278cfe2357b7adb8a00c2ed952982dfe273,2024-11,City of London Police,City of London Police,-0.081113,51.516869,On or near Bishopsgate,E01032739,City of London 001F,Public order,Investigation complete; no suspect identified,
d004929d7274a471dd514aea81d43c1a25be37b3973b7453ec54334e5851825f,2024-11,City of London Police,City of London Police,-0.084844,51.510725,On or near Eastcheap,E01032739,City of London 001F,Public order,Unable to prosecute suspect,
622520f280510fda4bb6bab9749ae67e5ef1d7e45e7510c67b58707262f625d1,2024-11,City of London Police,City of London Police,-0.088785,51.517102,On or near Moorgate,E01032739,City of London 001F,Public order,Unable to prosecute suspect,
41dc8eb5a9e63938c6adc5e52ba345309ee2cdb1535b39db4e2185434e00b439,2024-11,City of London Police,City of London Police,-0.081902,51.517296,On or near Liverpool Street,E01032739,City of London 001F,Public order,Investigation complete; no suspect identified,
0b9bb44f77400b1e2575e491f4684476d71cfa81bbdba466a340530b707ca1cc,2024-11,City of London Police,City of London Police,-0.081113,51.516869,On or near Bishopsgate,E01032739,City of London 001F,Public order,Status update unavailable,
2a166621a99be7b274b1f43539a9b3a39560a573b6dcf4fa712dc989946c2da2,2024-11,City of London Police,City of London Police,-0.078424,51.518093,On or near Widegate Street,E01032739,City of London 001F,Public order,Status update unavailable,
f3af8bbb51b8590e1c559fe3992ed8b6ba9400db22320b25889101109738eb0b,2024-11,City of London Police,City of London Police,-0.079907,51.517785,On or near Victoria Avenue,E01032739,City of London 001F,Public order,Court result unavailable,
1b6be0a58f91174a298af25711fb3d5b5f63a527cc85e9243fd21b8cbe621c6b,2024-11,City of London Police,City of London Police,-0.081113,51.516869,On or near Bishopsgate,E01032739,City of London 001F,Public order,Court result unavailable,
c8052f539e5cfc93e78f1386fe8833f0553972c6272f62b1c211f8be2eb26163,2024-11,City of London Police,City of London Police,-0.078059,51.509967,On or near Trinity Square,E01032739,City of London 001F,Public order,Status update unavailable,
072748c938fea5f72505f6b9309fa820a75f1d3831f73fcd52f3c976259c0acd,2024-11,City of London Police,City of London Police,-0.084836,51.511939,On or near Shopping Area,E01032739,City of London 001F,Public order,Unable to prosecute suspect,
9e0fed01c25229920b7048753ae7b139ee43606d383bd8bdededb5a20b410b32,2024-11,City of London Police,City of London Police,-0.095054,51.510559,On or near Queenhithe,E01032739,City of London 001F,Robbery,Status update unavailable,
633b4eb3e5b27a98f8334f0b677aeea2291beb6c47640ac4313a2eecfbda5fcf,2024-11,City of London Police,City of London Police,-0.087157,51.512624,On or near Lombard Street,E01032739,City of London 001F,Robbery,Status update unavailable,
1e96c54b3218fdaab64fdc90176f313ae691623d9223a049a30a6f3d1d399bab,2024-11,City of London Police,City of London Police,-0.095054,51.510559,On or near Queenhithe,E01032739,City of London 001F,Robbery,Status update unavailable,
92dcdd399d6d07c40a34fcec7da31481c64369bc96542ce6871d38439668dd5b,2024-11,City of London Police,City of London Police,-0.092531,51.512658,On or near Queen Street,E01032739,City of London 001F,Robbery,Investigation complete; no suspect identified,
1154b8df81cb43523615d1132a357daf50e1344a3766a3c40f5bb7042dfaa278,2024-11,City of London Police,City of London Police,-0.097176,51.510836,On or near Trig Lane,E01032739,City of London 001F,Robbery,Status update unavailable,
ab236ea3100a4f0c03423323a5cf9dc72752ee3ed08bd1934a248c4bc1dab8d6,2024-11,City of London Police,City of London Police,-0.079521,51.511196,On or near New London Street,E01032739,City of London 001F,Robbery,Status update unavailable,
fb3f68ecb7465e0da3ca96a7aaa9dd02cd79bfca1dfb3b2b04b31ccd8b5aa757,2024-11,City of London Police,City of London Police,-0.101906,51.511794,On or near Theatre/Concert Hall,E01032739,City of London 001F,Robbery,Investigation complete; no suspect identified,
d5d651d940f785d6c9aa66d76d3263ee86e4b5d9b76508617690045c266dafd7,2024-11,City of London Police,City of London Police,-0.101906,51.511794,On or near Theatre/Concert Hall,E01032739,City of London 001F,Robbery,Unable to prosecute suspect,
67a92ef8404a1556e9d81f4401befe255570c437bed70d9d18c36603f77f562c,2024-11,City of London Police,City of London Police,-0.080448,51.520689,On or near Primrose Street,E01032739,City of London 001F,Robbery,Unable to prosecute suspect,
1f1593aefd6059123c6119eba60577a4ad7275db2479592f425c1ae12c6cc147,2024-11,City of London Police,City of London Police,-0.085089,51.512105,On or near Gracechurch Street,E01032739,City of London 001F,Shoplifting,Unable to prosecute suspect,
11cc1b213334ea695e299bb8f6014a57cf9785742471343cc32ea2bebe13f396,2024-11,City of London Police,City of London Police,-0.084836,51.511939,On or near Shopping Area,E01032739,City of London 001F,Shoplifting,Investigation complete; no suspect identified,
bfe5b261758bf8351a86732f141fab04b8085b057a33067c8878a92a151b0b5d,2024-11,City of London Police,City of London Police,-0.095924,51.513882,On or near Shopping Area,E01032739,City of London 001F,Shoplifting,Unable to prosecute suspect,
b49ab4d845c977072929a57373a9f74127cdc528f43db4dc26c99d87232c7b96,2024-11,City of London Police,City of London Police,-0.085089,51.512105,On or near Gracechurch Street,E01032739,City of London 001F,Shoplifting,Court result unavailable,
750a29995413c923c1303cea1affa13bd4cae56b038e57d8b7c433f961422756,2024-11,City of London Police,City of London Police,-0.095224,51.513736,On or near Shopping Area,E01032739,City of London 001F,Shoplifting,Status update unavailable,
6393dcb49284b43b73c6bc0c8cd10d6041dc036168082811ba3af90fc533af24,2024-11,City of London Police,City of London Police,-0.091540,51.511896,On or near Cannon Street,E01032739,City of London 001F,Shoplifting,Further investigation is not in the public interest,
f19bc46e987f26552be48ae576e0dca5e6c3fef67186bac34cf63dbe8039a4e4,2024-11,City of London Police,City of London Police,-0.095224,51.513736,On or near Shopping Area,E01032739,City of London 001F,Shoplifting,Investigation complete; no suspect identified,
0d13a01f6b47a3ce75d301b1027ad14a2bf6090630c70962bf3343e3b1e98db1,2024-11,City of London Police,City of London Police,-0.097291,51.514626,On or near Supermarket,E01032739,City of London 001F,Shoplifting,Investigation complete; no suspect identified,
a27dfc0ade183a32910855ece59e0129a0f66d952a6227591f446e3322119cc9,2024-11,City of London Police,City of London Police,-0.081902,51.517296,On or near Liverpool Street,E01032739,City of London 001F,Shoplifting,Investigation complete; no suspect identified,
780faa317059069ed605c7382e156e6f33aa1236b48b81f5760ac2fde3e51c2a,2024-11,City of London Police,City of London Police,-0.095224,51.513736,On or near Shopping Area,E01032739,City of London 001F,Shoplifting,Unable to prosecute suspect,
93eeb586e11925cc34af971eda5b228786387f85bb3f7b9bce2383d77ae4a7e8,2024-11,City of London Police,City of London Police,-0.084844,51.510725,On or near Eastcheap,E01032739,City of London 001F,Shoplifting,Status update unavailable,
6c976f0c0962b1397044db7c27b4cc9f34e354a76ff25910c1cc88db903bca55,2024-11,City of London Police,City of London Police,-0.094070,51.513079,On or near Watling Street,E01032739,City of London 001F,Shoplifting,Investigation complete; no suspect identified,
a2fd0553f7b55f016724b677076b3b27d24ca8120133f630551a847a74cbd0c7,2024-11,City of London Police,City of London Police,-0.084836,51.511939,On or near Shopping Area,E01032739,City of London 001F,Shoplifting,Status update unavailable,
7b9fa74c1a1d68312af5cabea7d42797f0b51768ed0e3796fc99a0e29511c9a3,2024-11,City of London Police,City of London Police,-0.079883,51.517326,On or near New Street,E01032739,City of London 001F,Shoplifting,Status update unavailable,
19f4f2c1802eaa4312613b695e1d134d368a8a95319f4295bf785d2716212033,2024-11,City of London Police,City of London Police,-0.088785,51.517102,On or near Moorgate,E01032739,City of London 001F,Shoplifting,Investigation complete; no suspect identified,
935fd35e7f4788cd8f9b219d404018d58a7b69db8d566341804bd3f81f68aff5,2024-11,City of London Police,City of London Police,-0.091823,51.514427,On or near Ironmonger Lane,E01032739,City of London 001F,Shoplifting,Status update unavailable,
3e5f5d9d2dbfa07d563f7d53658eb491173deb9087fbd35561f8a15cad3c3453,2024-11,City of London Police,City of London Police,-0.079907,51.517785,On or near Victoria Avenue,E01032739,City of London 001F,Shoplifting,Local resolution,
de00a3b811193f0cfa5f783e31ec6861b8351728d6ef3cf3ef470a79cea1b3e1,2024-11,City of London Police,City of London Police,-0.097291,51.514626,On or near Supermarket,E01032739,City of London 001F,Shoplifting,Investigation complete; no suspect identified,
46e39571d48bb8564c8b451645c0063ea82a38520fbd6937d6321e6242c2655c,2024-11,City of London Police,City of London Police,-0.081902,51.517296,On or near Liverpool Street,E01032739,City of London 001F,Shoplifting,Investigation complete; no suspect identified,
014e2f58fe03d67fe5d55235d67a6119ac8b8d71dfd1ac22bc3a054b92f1dcd0,2024-11,City of London Police,City of London Police,-0.085089,51.512105,On or near Gracechurch Street,E01032739,City of London 001F,Shoplifting,Investigation complete; no suspect identified,
34f83887b934ddfc79169ff2ce7ceec2dda97d7ae2375968424319d19ba94ab4,2024-11,City of London Police,City of London Police,-0.079883,51.517326,On or near New Street,E01032739,City of London 001F,Shoplifting,Offender given penalty notice,
b86c1a8b9d788f4923cf76c3d3c3bf7e4ff679bda5182d071f1b207379081d00,2024-11,City of London Police,City of London Police,-0.079883,51.517326,On or near New Street,E01032739,City of London 001F,Shoplifting,Unable to prosecute suspect,
6ba4ae4c8be6820db9989501eed219c7dd9438179677943f3856558feb69cd50,2024-11,City of London Police,City of London Police,-0.084754,51.512882,On or near Corbet Court,E01032739,City of London 001F,Shoplifting,Investigation complete; no suspect identified,
da074bab573861356d49355d8c9a2e3d6e7dcb79cda9cb71563ad5c1fa9f7eda,2024-11,City of London Police,City of London Police,-0.096501,51.513874,On or near New Change,E01032739,City of London 001F,Shoplifting,Status update unavailable,
da074bab573861356d49355d8c9a2e3d6e7dcb79cda9cb71563ad5c1fa9f7eda,2024-11,City of London Police,City of London Police,-0.097291,51.514626,On or near Supermarket,E01032739,City of London 001F,Shoplifting,Status update unavailable,
bbc27cd91ed9ab32d3677682c0946131c278f03493f7dc3f33e20851b9856ddc,2024-11,City of London Police,City of London Police,-0.095224,51.513736,On or near Shopping Area,E01032739,City of London 001F,Shoplifting,Investigation complete; no suspect identified,
9c1441e66756f8eb414fa5d288f15d4ebd56247fed8297c59b70853fb290a178,2024-11,City of London Police,City of London Police,-0.097291,51.514626,On or near Supermarket,E01032739,City of London 001F,Shoplifting,Court result unavailable,
565d1fc1cc02339169250f32d65f7ebb5d9abccccdafa50107767ab5d5706c3b,2024-11,City of London Police,City of London Police,-0.094070,51.513079,On or near Watling Street,E01032739,City of London 001F,Shoplifting,Investigation complete; no suspect identified,
ff1e351087501b4a3ef919c28919003dfd196fe01bd2d001bf50a69074cacea6,2024-11,City of London Police,City of London Police,-0.078755,51.518440,On or near Artillery Lane,E01032739,City of London 001F,Shoplifting,Investigation complete; no suspect identified,
6427942bb811350ec83c54a010513ae1dbeaa39f5494f799d4fac725951fbd03,2024-11,City of London Police,City of London Police,-0.079883,51.517326,On or near New Street,E01032739,City of London 001F,Shoplifting,Unable to prosecute suspect,
9063c8ad8bcb16edeffd86eab7d1131fa9037eddd9f4aea67be1a9bf28529df8,2024-11,City of London Police,City of London Police,-0.084910,51.512588,On or near Bell Inn Yard,E01032739,City of London 001F,Shoplifting,Court result unavailable,
ca3f38028b5b8d85f4ce678e5595bebabc1fdf46c7a085bb444f0642a478ed3d,2024-11,City of London Police,City of London Police,-0.086815,51.517007,On or near Circus Place,E01032739,City of London 001F,Shoplifting,Unable to prosecute suspect,
1f019224871567b51d5f028fae10a3db4d5b3d3c954728d9112e1918593909e2,2024-11,City of London Police,City of London Police,-0.095224,51.513736,On or near Shopping Area,E01032739,City of London 001F,Shoplifting,Unable to prosecute suspect,
8894c623e6a71abc1d8a8afa75300e8ea8880484090294761a8695f72c2b763f,2024-11,City of London Police,City of London Police,-0.086019,51.513631,On or near Finch Lane,E01032739,City of London 001F,Shoplifting,Investigation complete; no suspect identified,
c6d84141a3f0eed246b2b209b3ce7724b77198aa9682b33ff6b54ce517be0517,2024-11,City of London Police,City of London Police,-0.089822,51.516103,On or near Coleman Street,E01032739,City of London 001F,Shoplifting,Offender given penalty notice,
573f9ddc2f25817be860e4f35e92bfa869610b31debfc43fb72eba375abbdd1c,2024-11,City of London Police,City of London Police,-0.079883,51.517326,On or near New Street,E01032739,City of London 001F,Shoplifting,Status update unavailable,
9c337fa8b6713ba4b7b52a181144ed387812c7706e3d54fa9a831c28c1a67bad,2024-11,City of London Police,City of London Police,-0.095924,51.513882,On or near Shopping Area,E01032739,City of London 001F,Shoplifting,Investigation complete; no suspect identified,
24a67608dd580b00841c64e7f1037a112940895f4dcf666c736083d8652d2613,2024-11,City of London Police,City of London Police,-0.097291,51.514626,On or near Supermarket,E01032739,City of London 001F,Shoplifting,Formal action is not in the public interest,
19684f84c799d550c470d8bc48a9e26b63eeed24253f9891fd316caef44927e1,2024-11,City of London Police,City of London Police,-0.091947,51.513188,On or near Pancras Lane,E01032739,City of London 001F,Shoplifting,Investigation complete; no suspect identified,
c8d2219e9ff5499216e62b386b92c78dd793207f15db02de8de3f097ee078e0f,2024-11,City of London Police,City of London Police,-0.084836,51.511939,On or near Shopping Area,E01032739,City of London 001F,Shoplifting,Unable to prosecute suspect,
6a049acd005126dd1cdc86caf6f4420b0c00fd8d5408c3e831ede1f34c7df396,2024-11,City of London Police,City of London Police,-0.097291,51.514626,On or near Supermarket,E01032739,City of London 001F,Shoplifting,Investigation complete; no suspect identified,
c9f25f26bb9e5f78b2acc62714276611b9d3b8aa3c1714b57f70f1de55933a7c,2024-11,City of London Police,City of London Police,-0.081902,51.517296,On or near Liverpool Street,E01032739,City of London 001F,Shoplifting,Investigation complete; no suspect identified,
4ab27b4a5489650b4b84b45d807c00b62cdb0df3456ce8834fea52933ed92406,2024-11,City of London Police,City of London Police,-0.086815,51.517007,On or near Circus Place,E01032739,City of London 001F,Shoplifting,Investigation complete; no suspect identified,
0ab3f4ed43e3edb3625fbca35cced75951acd773d17bc260e3f16b515e20bd9d,2024-11,City of London Police,City of London Police,-0.095224,51.513736,On or near Shopping Area,E01032739,City of London 001F,Shoplifting,Investigation complete; no suspect identified,
cd35f979f9ac9f151ff3742d86907285d5d982d52f3a57e6705ad7cdc9774efb,2024-11,City of London Police,City of London Police,-0.091823,51.514427,On or near Ironmonger Lane,E01032739,City of London 001F,Shoplifting,Status update unavailable,
84c9aec33ad67f71839938d3988090470cee1814a682a5f56c960ba667d47b26,2024-11,City of London Police,City of London Police,-0.089822,51.516103,On or near Coleman Street,E01032739,City of London 001F,Shoplifting,Court result unavailable,
65a3a080c2d63476353db49bfc3f5e6b52a43ba5d8cca99b142a0655860a1d77,2024-11,City of London Police,City of London Police,-0.097291,51.514626,On or near Supermarket,E01032739,City of London 001F,Shoplifting,Investigation complete; no suspect identified,
a3bc333326a2714115e1a33e833a143b47c07800352d6c5019bf418835b553c4,2024-11,City of London Police,City of London Police,-0.091823,51.514427,On or near Ironmonger Lane,E01032739,City of London 001F,Shoplifting,Status update unavailable,
786b509f552e334cfa8450a7eec0da756f93aa094bb9d91a7124f987a6992dde,2024-11,City of London Police,City of London Police,-0.087772,51.510665,On or near Martin Lane,E01032739,City of London 001F,Shoplifting,Investigation complete; no suspect identified,
f1a5f366853d5400d29f88c021a4ee7b5f93f4c1b599c21658f6a1010f4665de,2024-11,City of London Police,City of London Police,-0.091823,51.514427,On or near Ironmonger Lane,E01032739,City of London 001F,Shoplifting,Unable to prosecute suspect,
5dbf7abc1d02db0a61ec78414d36b3f74d1df8ca51eaeeaa4e292e9ca0014ae6,2024-11,City of London Police,City of London Police,-0.095224,51.513736,On or near Shopping Area,E01032739,City of London 001F,Shoplifting,Investigation complete; no suspect identified,
2e21be666bc0af3185ad26c097fcc6acfa76fff4bafb05d58dcaeccfd743837a,2024-11,City of London Police,City of London Police,-0.096501,51.513874,On or near New Change,E01032739,City of London 001F,Shoplifting,Status update unavailable,
4fda0c6b53212b63d70e0f71e2897777e3dc0d0e6a6d2c7fcba2dd432e51e54c,2024-11,City of London Police,City of London Police,-0.081902,51.517296,On or near Liverpool Street,E01032739,City of London 001F,Shoplifting,Unable to prosecute suspect,
8fa2b0804f20ce2628e1923c9c57155908ca3a41649c5e195e13d8a8c849775c,2024-11,City of London Police,City of London Police,-0.079883,51.517326,On or near New Street,E01032739,City of London 001F,Shoplifting,Offender given a caution,
50d6d7af13c40b2ba3ae55fbca63d030bf17c062c07c72d191a0659774909fcc,2024-11,City of London Police,City of London Police,-0.079138,51.508312,On or near Lower Thames Street,E01032739,City of London 001F,Shoplifting,Investigation complete; no suspect identified,
4ec1060af88ce36c1ad21a64c3584de5f2cf9cf3e4c3f833710f5f752b65fa71,2024-11,City of London Police,City of London Police,-0.095924,51.513882,On or near Shopping Area,E01032739,City of London 001F,Shoplifting,Investigation complete; no suspect identified,
b9228c932880d9e2dbd5ce47f660ab48ae7db60e48fa74a05f4c281911d02ae8,2024-11,City of London Police,City of London Police,-0.097291,51.514626,On or near Supermarket,E01032739,City of London 001F,Shoplifting,Unable to prosecute suspect,
cdef61c73068ad216e6687f94da9b7822be9981de23d34ee38160848df74da95,2024-11,City of London Police,City of London Police,-0.095224,51.513736,On or near Shopping Area,E01032739,City of London 001F,Shoplifting,Investigation complete; no suspect identified,
e6c9c361f6203340af7422bc857152a6201b19f3db16a6299b7f192c0bd4a961,2024-11,City of London Police,City of London Police,-0.097291,51.514626,On or near Supermarket,E01032739,City of London 001F,Shoplifting,Investigation complete; no suspect identified,
ef0344a680076630dad961be9d1a2f84633d4d30fd7b509eae2b7bdf7f421dd0,2024-11,City of London Police,City of London Police,-0.097291,51.514626,On or near Supermarket,E01032739,City of London 001F,Shoplifting,Investigation complete; no suspect identified,
ff6d951b50aeb72a802b5c61e10f4c62a2ab8314fc32d57dbf4be99b5e6d3219,2024-11,City of London Police,City of London Police,-0.095224,51.513736,On or near Shopping Area,E01032739,City of London 001F,Shoplifting,Investigation complete; no suspect identified,
38376dd92846a328d241aef239331c508430af34f77556deebe9cca3152af549,2024-11,City of London Police,City of London Police,-0.079883,51.517326,On or near New Street,E01032739,City of London 001F,Shoplifting,Status update unavailable,
349c8953a5892da02a6d848277e51f619bad5168efd9c9a3e98b729f23a6d4ae,2024-11,City of London Police,City of London Police,-0.095224,51.513736,On or near Shopping Area,E01032739,City of London 001F,Shoplifting,Investigation complete; no suspect identified,
940a82f6c6d02891bbf4e2103838240759c62b7fde4978512b31f7801e401751,2024-11,City of London Police,City of London Police,-0.097291,51.514626,On or near Supermarket,E01032739,City of London 001F,Shoplifting,Investigation complete; no suspect identified,
d05791f6196795f10515e9d8921c7e24293fdcb9a0211795e62c5c4a40591e12,2024-11,City of London Police,City of London Police,-0.095224,51.513736,On or near Shopping Area,E01032739,City of London 001F,Shoplifting,Investigation complete; no suspect identified,
cd657caa084608f4a4604910a9a4e05991b0d930ee9aa2d19afbc3ee7b828b92,2024-11,City of London Police,City of London Police,-0.095224,51.513736,On or near Shopping Area,E01032739,City of London 001F,Shoplifting,Investigation complete; no suspect identified,
0cdaec4aae0566144dd7ddbaac0e1cf0231bedab9f16a16d98f451ea92aedba4,2024-11,City of London Police,City of London Police,-0.097291,51.514626,On or near Supermarket,E01032739,City of London 001F,Shoplifting,Investigation complete; no suspect identified,
2912ead6c2b5a0bdd2628c6b5a66d3a832c6df103d186d320efc3723ee354434,2024-11,City of London Police,City of London Police,-0.097291,51.514626,On or near Supermarket,E01032739,City of London 001F,Shoplifting,Court result unavailable,
3e5f5d9d2dbfa07d563f7d53658eb491173deb9087fbd35561f8a15cad3c3453,2024-11,City of London Police,City of London Police,-0.079907,51.517785,On or near Victoria Avenue,E01032739,City of London 001F,Shoplifting,Status update unavailable,
075d16d2a0e864ba33eb7ce0deb8dc2998b0ddbbec2cac9008629dd009439ee0,2024-11,City of London Police,City of London Police,-0.095224,51.513736,On or near Shopping Area,E01032739,City of London 001F,Shoplifting,Investigation complete; no suspect identified,
3d05626923faa8c1eb77fa9708e5a3e3d111fc396da3f83f40438818356087d2,2024-11,City of London Police,City of London Police,-0.088785,51.517102,On or near Moorgate,E01032739,City of London 001F,Shoplifting,Status update unavailable,
1d1f17ec12fe15873f818a80884402535d0a1aa289d8883fa22c4328ed89d891,2024-11,City of London Police,City of London Police,-0.091823,51.514427,On or near Ironmonger Lane,E01032739,City of London 001F,Shoplifting,Status update unavailable,
16efc01053d0fbde81f8b86d5f11bf04062424b3468f5bdd8415026a457043aa,2024-11,City of London Police,City of London Police,-0.095924,51.513882,On or near Shopping Area,E01032739,City of London 001F,Shoplifting,Court result unavailable,
9cd3f408f405268f5d50354cb178ec7bb9cfa210a83246913dbfa76be60f42e2,2024-11,City of London Police,City of London Police,-0.095924,51.513882,On or near Shopping Area,E01032739,City of London 001F,Shoplifting,Investigation complete; no suspect identified,
a77bfe51affc7f6b9bb3b858d06b7313b7e9492db17f7dbc18c146262e597979,2024-11,City of London Police,City of London Police,-0.091823,51.514427,On or near Ironmonger Lane,E01032739,City of London 001F,Shoplifting,Investigation complete; no suspect identified,
014cb4ffddfc78b5455d63f1f494b64730f7200de40dd52d7de0ee8effbc199e,2024-11,City of London Police,City of London Police,-0.084754,51.512882,On or near Corbet Court,E01032739,City of London 001F,Shoplifting,Investigation complete; no suspect identified,
b937a832873e9294a5ba6e1c38016d2265f6e2a9c414151c956b4e85659103be,2024-11,City of London Police,City of London Police,-0.081902,51.517296,On or near Liverpool Street,E01032739,City of London 001F,Shoplifting,Investigation complete; no suspect identified,
7e5c072dd3f32b0511fdfd047814e2bbb15a3e214d779ce26e0fd9fd0fd964fb,2024-11,City of London Police,City of London Police,-0.084844,51.510725,On or near Eastcheap,E01032739,City of London 001F,Shoplifting,Investigation complete; no suspect identified,
9f844f2938b7dcc8613d1d0df3ac4da2e9855f0b0f97519972a4592e4b1acc9d,2024-11,City of London Police,City of London Police,-0.085089,51.512105,On or near Gracechurch Street,E01032739,City of London 001F,Shoplifting,Court result unavailable,
b602d24144219ceb6251e8bdd4aafc9603b8948121bcafa1750d0add748b9773,2024-11,City of London Police,City of London Police,-0.084754,51.512882,On or near Corbet Court,E01032739,City of London 001F,Shoplifting,Formal action is not in the public interest,
9f49d1920ca1fd09738e7678b9cf440d144a6dba066a589b8fa7a4718804200d,2024-11,City of London Police,City of London Police,-0.083349,51.514830,On or near Shopping Area,E01032739,City of London 001F,Shoplifting,Unable to prosecute suspect,
9359f0aa8584ef4d46e2d42263e2eca967df5fe0c0917f840a53ea7828782a33,2024-11,City of London Police,City of London Police,-0.086019,51.513631,On or near Finch Lane,E01032739,City of London 001F,Shoplifting,Investigation complete; no suspect identified,
9ef0e649dc2768b5aaedf93acd4c4e4c707302162a61ca69e65f5ccc8f22b448,2024-11,City of London Police,City of London Police,-0.097291,51.514626,On or near Supermarket,E01032739,City of London 001F,Shoplifting,Unable to prosecute suspect,
0890247e8f58fca5c5688c5fe3a6d2aacd602ba6c2a6918379ac5b2d67357d44,2024-11,City of London Police,City of London Police,-0.097291,51.514626,On or near Supermarket,E01032739,City of London 001F,Shoplifting,Status update unavailable,
c79dc1c05ee452ed329bd0786f9da0935e8f17d5dd21bdb5740e43a87379aa08,2024-11,City of London Police,City of London Police,-0.097291,51.514626,On or near Supermarket,E01032739,City of London 001F,Theft from the person,Investigation complete; no suspect identified,
f4391c6a564f04f6a7239391a0ed72eaf89d18d35da14843e324b5df852cbb3e,2024-11,City of London Police,City of London Police,-0.083600,51.509797,On or near St Mary At Hill,E01032739,City of London 001F,Theft from the person,Investigation complete; no suspect identified,
1ad80b4b66689255fc35dca738ecc044bf77f8c42fb80fce6bca970a8af9f7fd,2024-11,City of London Police,City of London Police,-0.081902,51.517296,On or near Liverpool Street,E01032739,City of London 001F,Theft from the person,Investigation complete; no suspect identified,
36ba9e340bdbc76d18b8c98206f4eabeee1989ac5203a9fc1c44eadbdfa4dc7a,2024-11,City of London Police,City of London Police,-0.095224,51.513736,On or near Shopping Area,E01032739,City of London 001F,Theft from the person,Investigation complete; no suspect identified,
20865b36e3144b7bccd48dd13358f97c0b8dfa2a04b8f2db50d44125a687b07b,2024-11,City of London Police,City of London Police,-0.081902,51.517296,On or near Liverpool Street,E01032739,City of London 001F,Theft from the person,Status update unavailable,
b15e19052f7ec3c72ace466b032a862e92544d63d4c4be90d25315419236d120,2024-11,City of London Police,City of London Police,-0.095924,51.513882,On or near Shopping Area,E01032739,City of London 001F,Theft from the person,Investigation complete; no suspect identified,
4fc6eabaa4759fba4eac8e0c20f543e1d64324c38be71a7099383b90fefd1009,2024-11,City of London Police,City of London Police,-0.095224,51.513736,On or near Shopping Area,E01032739,City of London 001F,Theft from the person,Investigation complete; no suspect identified,
e8bd1880526a001a73862e68d1dd78abdaad1efbae5135b90d5ca9371dbe4a2f,2024-11,City of London Police,City of London Police,-0.095224,51.513736,On or near Shopping Area,E01032739,City of London 001F,Theft from the person,Investigation complete; no suspect identified,
effa0c0750ac28b3d481671959a98e307c66124b9d52e7f38cbd4451d9b86f45,2024-11,City of London Police,City of London Police,-0.095224,51.513736,On or near Shopping Area,E01032739,City of London 001F,Theft from the person,Investigation complete; no suspect identified,
c17f018910a08bbdf3b126d815abcffa6132ff59098dc456209559e39966df9d,2024-11,City of London Police,City of London Police,-0.079883,51.517326,On or near New Street,E01032739,City of London 001F,Theft from the person,Investigation complete; no suspect identified,
bbb431e96e5156f255c381fa26c6793474c69c4de758931058bd45418bd14ff3,2024-11,City of London Police,City of London Police,-0.101292,51.514770,On or near Amen Court,E01032739,City of London 001F,Theft from the person,Investigation complete; no suspect identified,
2183dfa78c88005ebc32817136af7e9bfb018318a34b1c85889639ad38b69b64,2024-11,City of London Police,City of London Police,-0.089208,51.509744,On or near Angel Lane,E01032739,City of London 001F,Theft from the person,Investigation complete; no suspect identified,
d6559c6f2e7255ae4fb1337bacfbb0286c1eb5495c15f15c983a0e77b39e9ff5,2024-11,City of London Police,City of London Police,-0.079907,51.517785,On or near Victoria Avenue,E01032739,City of London 001F,Theft from the person,Investigation complete; no suspect identified,
7aa09bcc32888d92b9893e1265339c8e3d91da7f0cb8e0d560b71774858f481b,2024-11,City of London Police,City of London Police,-0.077563,51.517656,On or near Sandy'S Row,E01032739,City of London 001F,Theft from the person,Investigation complete; no suspect identified,
1d28a15bb62d201e0e2a4b8fc377a539f25b9917ca27c78685e129100e3603b6,2024-11,City of London Police,City of London Police,-0.101906,51.511794,On or near Theatre/Concert Hall,E01032739,City of London 001F,Theft from the person,Investigation complete; no suspect identified,
ac50ec730edd483c8d123afb155b3adcd12b846d674394a008ed5dd8853902d8,2024-11,City of London Police,City of London Police,-0.101906,51.511794,On or near Theatre/Concert Hall,E01032739,City of London 001F,Theft from the person,Investigation complete; no suspect identified,
a71f6402e4f0857c1e2f18520929dde5e323f73dc431381baf16763bb2e3c2cd,2024-11,City of London Police,City of London Police,-0.101906,51.511794,On or near Theatre/Concert Hall,E01032739,City of London 001F,Theft from the person,Investigation complete; no suspect identified,
757dc9e648d0f6be98602ef70450fe8233382b785fa2d23f6cbc44d3d236216d,2024-11,City of London Police,City of London Police,-0.077563,51.517656,On or near Sandy'S Row,E01032739,City of London 001F,Theft from the person,Investigation complete; no suspect identified,
c643ded54e9f5757a404949275f611f940be32b9de9b639bbf0ef0b1152575dd,2024-11,City of London Police,City of London Police,-0.101906,51.511794,On or near Theatre/Concert Hall,E01032739,City of London 001F,Theft from the person,Investigation complete; no suspect identified,
d4a1cb7a0507a75b322b46db5e0dbc1db8eb82ef371c0c3e85014518621d5c67,2024-11,City of London Police,City of London Police,-0.095924,51.513882,On or near Shopping Area,E01032739,City of London 001F,Theft from the person,Investigation complete; no suspect identified,
0dc9c76e3a77ee713948659863f565d33e053405d46eafe37e70bcfff407d2ca,2024-11,City of London Police,City of London Police,-0.104276,51.513712,On or near A201,E01032739,City of London 001F,Theft from the person,Investigation complete; no suspect identified,
325781db623abfe04ebe6daa64457e52755536d8da81dd453dcee9911c256987,2024-11,City of London Police,City of London Police,-0.096501,51.513874,On or near New Change,E01032739,City of London 001F,Theft from the person,Investigation complete; no suspect identified,
3c91d00f7ad496eaf9b9e936fa0b4831ba7039c878c8cc8631c80a08fadda8cd,2024-11,City of London Police,City of London Police,-0.095224,51.513736,On or near Shopping Area,E01032739,City of London 001F,Theft from the person,Investigation complete; no suspect identified,
bdae07c19e990078515ce59046fa21f6ad0731b88cd2749c33164741360443cc,2024-11,City of London Police,City of London Police,-0.079521,51.511196,On or near New London Street,E01032739,City of London 001F,Theft from the person,Investigation complete; no suspect identified,
6f97874b3781d9dd600c37c514e8e59500a249989c0a69d0c059241a8a49b51c,2024-11,City of London Police,City of London Police,-0.104276,51.513712,On or near A201,E01032739,City of London 001F,Theft from the person,Investigation complete; no suspect identified,
2212b0125bd417d3d110bd134971314e92ff296ccd4fcd9f5639b4946e4f8d8b,2024-11,City of London Police,City of London Police,-0.100201,51.513286,On or near Dean'S Court,E01032739,City of London 001F,Theft from the person,Status update unavailable,
d9aa099f3073c11941ba694a34e83b3336449afc2e7d1bb7ebc584005d5a51e9,2024-11,City of London Police,City of London Police,-0.091947,51.513188,On or near Pancras Lane,E01032739,City of London 001F,Theft from the person,Investigation complete; no suspect identified,
6ae8ca788d5fdb86e04fcc36f956d6698cfabda2b109fe82489d4da81445ddc6,2024-11,City of London Police,City of London Police,-0.095224,51.513736,On or near Shopping Area,E01032739,City of London 001F,Theft from the person,Investigation complete; no suspect identified,
7cb8912afe3a4126dc4955adeed5231259d78f44f7387041ee31b79c816e5031,2024-11,City of London Police,City of London Police,-0.082993,51.516360,On or near Wormwood Street,E01032739,City of London 001F,Theft from the person,Investigation complete; no suspect identified,
fe32b21e5ec5e27036d1d62c5fb4c85fd1528d97b551f5ef95595a087373fc3e,2024-11,City of London Police,City of London Police,-0.095224,51.513736,On or near Shopping Area,E01032739,City of London 001F,Theft from the person,Investigation complete; no suspect identified,
3c3c7d570372ae5ba4dd1e5be42ce4f56000e8049675cef1d5f4a617af226f5d,2024-11,City of London Police,City of London Police,-0.092633,51.509872,On or near Bell Wharf Lane,E01032739,City of London 001F,Theft from the person,Investigation complete; no suspect identified,
d3e464948b170a87aea5ea5eea687ae07abd6eb95029fe7fb376eeafc84cc2ff,2024-11,City of London Police,City of London Police,-0.079120,51.514912,On or near Bevis Marks,E01032739,City of London 001F,Theft from the person,Investigation complete; no suspect identified,
2bc227027cbb7aa9a833366c238bb6a89bfa2f5dd6e011e3c5c39c929c980eed,2024-11,City of London Police,City of London Police,-0.100201,51.513286,On or near Dean'S Court,E01032739,City of London 001F,Theft from the person,Investigation complete; no suspect identified,
68de716877742fad7ebff37450478294335dbd3526883558ffcedef6c3a424c8,2024-11,City of London Police,City of London Police,-0.100201,51.513286,On or near Dean'S Court,E01032739,City of London 001F,Theft from the person,Investigation complete; no suspect identified,
55d6c7fa6d39709719b2c235827b8df193a9c1e5102a100e60896667c865df3d,2024-11,City of London Police,City of London Police,-0.079127,51.509607,On or near Byward Street,E01032739,City of London 001F,Theft from the person,Investigation complete; no suspect identified,
98f833b935b767f8b5e33ef3f604c1a93d8d26bbedd4b5c818590dd574fb4200,2024-11,City of London Police,City of London Police,-0.100201,51.513286,On or near Dean'S Court,E01032739,City of London 001F,Theft from the person,Investigation complete; no suspect identified,
ad39d577d5ef6909f4d26af40e0196796e7555eaa0e205fd764be5a56c9102c3,2024-11,City of London Police,City of London Police,-0.091947,51.513188,On or near Pancras Lane,E01032739,City of London 001F,Theft from the person,Investigation complete; no suspect identified,
3f60bfe5f3061d391065afc8e7a95a2572d10bcda612dd482fdf0fc877c3d91d,2024-11,City of London Police,City of London Police,-0.097176,51.510836,On or near Trig Lane,E01032739,City of London 001F,Theft from the person,Investigation complete; no suspect identified,
0dd6d8856eab725db5f9c4487bcb79c02ddb96d2324f502347ec3971c8eff19b,2024-11,City of London Police,City of London Police,-0.083977,51.510441,On or near Lovat Lane,E01032739,City of London 001F,Theft from the person,Investigation complete; no suspect identified,
1526327197d6f0dbf5ea31c7f8778c093d1e146057344fc12ea3223d46634eb3,2024-11,City of London Police,City of London Police,-0.096501,51.513874,On or near New Change,E01032739,City of London 001F,Theft from the person,Investigation complete; no suspect identified,
c4ea6883bda928245632c2c040ed216bd9d316097560702221f6bdb23978e13b,2024-11,City of London Police,City of London Police,-0.091947,51.513188,On or near Pancras Lane,E01032739,City of London 001F,Theft from the person,Investigation complete; no suspect identified,
540b3261cb339a3f614f1cbe492189417a1a44292445b16957b1504c30172631,2024-11,City of London Police,City of London Police,-0.095224,51.513736,On or near Shopping Area,E01032739,City of London 001F,Theft from the person,Investigation complete; no suspect identified,
b45fca6f47763b8826824ce3b0da409e9f73d241a34ad20bce291b9bcd7a77b1,2024-11,City of London Police,City of London Police,-0.097176,51.510836,On or near Trig Lane,E01032739,City of London 001F,Theft from the person,Investigation complete; no suspect identified,
2de1515053a8db3e347e889d67b398ef0035228bda69db0d73479a91662e29bd,2024-11,City of London Police,City of London Police,-0.077563,51.517656,On or near Sandy'S Row,E01032739,City of London 001F,Theft from the person,Investigation complete; no suspect identified,
3a24bd1951c746a5f672d1b6efaed57c580874fed59aa6ed3a16bbcb3975f629,2024-11,City of London Police,City of London Police,-0.081902,51.517296,On or near Liverpool Street,E01032739,City of London 001F,Theft from the person,Investigation complete; no suspect identified,
2e0f89f5cabb0d3e169707cdd8b2a33d5579b0cd59e0a06d9721b7a9e02ed7bf,2024-11,City of London Police,City of London Police,-0.087772,51.510665,On or near Martin Lane,E01032739,City of London 001F,Theft from the person,Investigation complete; no suspect identified,
9e6fa7bca9378cc58512acfe02aeb0bc6afd0789eb22f04ad56e2c355f7e5af3,2024-11,City of London Police,City of London Police,-0.084844,51.510725,On or near Eastcheap,E01032739,City of London 001F,Theft from the person,Investigation complete; no suspect identified,
fa39d491e9e5d1698623e38031c7128f255f2ce66317b530872d866d6a81e1b6,2024-11,City of London Police,City of London Police,-0.101589,51.513515,On or near Ludgate Square,E01032739,City of London 001F,Theft from the person,Investigation complete; no suspect identified,
3a5e75756f41a1d5357cd7ade223b51787ba126bf64b034a6d20eac954064662,2024-11,City of London Police,City of London Police,-0.095224,51.513736,On or near Shopping Area,E01032739,City of London 001F,Theft from the person,Investigation complete; no suspect identified,
1aad6dc44d4ba2c3ba1433951a6b84c092c6071332a33d1426422e4504a78ceb,2024-11,City of London Police,City of London Police,-0.083600,51.509797,On or near St Mary At Hill,E01032739,City of London 001F,Theft from the person,Investigation complete; no suspect identified,
ef10508d388dc945d165b06b10b4dd7e0be26c1605c06b5b177d680f5b0db343,2024-11,City of London Police,City of London Police,-0.104276,51.513712,On or near A201,E01032739,City of London 001F,Theft from the person,Investigation complete; no suspect identified,
4fffd3f7f84f4419f014bb1f47b19145e24a34ace1ae206997cc59070b3ee120,2024-11,City of London Police,City of London Police,-0.095924,51.513882,On or near Shopping Area,E01032739,City of London 001F,Theft from the person,Investigation complete; no suspect identified,
d747b0b303e99b14c6531ef29230a5ac32caed4a78715af0907a2220f67070bc,2024-11,City of London Police,City of London Police,-0.097176,51.510836,On or near Trig Lane,E01032739,City of London 001F,Theft from the person,Status update unavailable,
a13ba29a21e1d2b6b24bbf7bfb293fec8560bc74108fc0e6a89cd1d42f4079a8,2024-11,City of London Police,City of London Police,-0.097176,51.510836,On or near Trig Lane,E01032739,City of London 001F,Theft from the person,Investigation complete; no suspect identified,
f8bd7db1030cf0431453761e7e064c863b153f2a5e030617f77dd5899662221f,2024-11,City of London Police,City of London Police,-0.088785,51.517102,On or near Moorgate,E01032739,City of London 001F,Theft from the person,Investigation complete; no suspect identified,
4c764c92a5689574d8c7e64ec4679bc63e1d535f022b33a4e60d404025200b0b,2024-11,City of London Police,City of London Police,-0.088785,51.517102,On or near Moorgate,E01032739,City of London 001F,Theft from the person,Investigation complete; no suspect identified,
e94d13c5ea51bb54a6d3703c9f4ee61579d0894dfda34c8de00113a1bfae9794,2024-11,City of London Police,City of London Police,-0.095924,51.513882,On or near Shopping Area,E01032739,City of London 001F,Theft from the person,Investigation complete; no suspect identified,
d08d9441fa6380345ea4745dc3668c50b5dbac4845cea394177095e97d33b9b9,2024-11,City of London Police,City of London Police,-0.095924,51.513882,On or near Shopping Area,E01032739,City of London 001F,Theft from the person,Investigation complete; no suspect identified,
6988530147018a1032d0eacb77064f5d0028b4fb94aa0bf605abce6fa64a384f,2024-11,City of London Police,City of London Police,-0.095924,51.513882,On or near Shopping Area,E01032739,City of London 001F,Theft from the person,Investigation complete; no suspect identified,
7dfa0351400f9b7c416d8841718d9d51aaff1edc54c29a6ba55f3925a22d6081,2024-11,City of London Police,City of London Police,-0.097176,51.510836,On or near Trig Lane,E01032739,City of London 001F,Theft from the person,Investigation complete; no suspect identified,
eaef8a80434855a5c118b867027fe38634655eb04d1d780f1f72d2b9a1484fd8,2024-11,City of London Police,City of London Police,-0.104276,51.513712,On or near A201,E01032739,City of London 001F,Theft from the person,Investigation complete; no suspect identified,
4f91461deca50f0c1a24ae2b33b9403e12131a39eb8c59a89fd680b79f1c2160,2024-11,City of London Police,City of London Police,-0.085089,51.512105,On or near Gracechurch Street,E01032739,City of London 001F,Theft from the person,Investigation complete; no suspect identified,
dacc3cc03ce8c797b2ffa2e725cfcf531e947ee84928c291d8644f10a013f93e,2024-11,City of London Police,City of London Police,-0.095224,51.513736,On or near Shopping Area,E01032739,City of London 001F,Theft from the person,Investigation complete; no suspect identified,
ed8c9a73d170cde659e593b29f0a6271be1850bc64ae2d3c5e615b1fcd28293d,2024-11,City of London Police,City of London Police,-0.102272,51.511656,On or near Puddle Dock,E01032739,City of London 001F,Theft from the person,Investigation complete; no suspect identified,
841176fa3f3f7bb9a5a54c02c25e03ef478d5c5c11db8a7c45b6aeddd381f33c,2024-11,City of London Police,City of London Police,-0.089208,51.509744,On or near Angel Lane,E01032739,City of London 001F,Theft from the person,Investigation complete; no suspect identified,
4f8a28ab9817ba4014e4832ed9c72df6a539767cb2cb841286455b90ece287ba,2024-11,City of London Police,City of London Police,-0.095924,51.513882,On or near Shopping Area,E01032739,City of London 001F,Theft from the person,Investigation complete; no suspect identified,
c8ff6089bfc78a5820b5b747ff9fd337aec3f3668e40f3601f21b8cb1872979f,2024-11,City of London Police,City of London Police,-0.086019,51.513631,On or near Finch Lane,E01032739,City of London 001F,Theft from the person,Investigation complete; no suspect identified,
4a250dc4f4f3bedb5cd22a35ee4eb4ebb193643fe3cabcbf4517e0ca53a8d978,2024-11,City of London Police,City of London Police,-0.095924,51.513882,On or near Shopping Area,E01032739,City of London 001F,Theft from the person,Investigation complete; no suspect identified,
e9af137884daf348df7ab32752f176d019cf10493653a0e2cb6193cd06e904dc,2024-11,City of London Police,City of London Police,-0.079138,51.508312,On or near Lower Thames Street,E01032739,City of London 001F,Theft from the person,Investigation complete; no suspect identified,
918bc425cc96b9f01b80428138217bcf137195af9bd140417b2b4e8e02db255b,2024-11,City of London Police,City of London Police,-0.095224,51.513736,On or near Shopping Area,E01032739,City of London 001F,Theft from the person,Investigation complete; no suspect identified,
0f7bb5491b81d2b8c85c0a66b6a6a009e52c2a1f9babc16999f2285299c31fbc,2024-11,City of London Police,City of London Police,-0.083600,51.509797,On or near St Mary At Hill,E01032739,City of London 001F,Theft from the person,Investigation complete; no suspect identified,
a35ea319520cdfadeec00b72d3345b22c978306917205da3d87a074d14b65e4c,2024-11,City of London Police,City of London Police,-0.097176,51.510836,On or near Trig Lane,E01032739,City of London 001F,Theft from the person,Investigation complete; no suspect identified,
a1bfe59ec9056a8adff02bea4091f443cfa0a4bab604ee387c5fbcc8d5004bfa,2024-11,City of London Police,City of London Police,-0.095224,51.513736,On or near Shopping Area,E01032739,City of London 001F,Theft from the person,Investigation complete; no suspect identified,
451997801ae946417dab01327705f93768b23f7442d559821df5d9e62038159b,2024-11,City of London Police,City of London Police,-0.095224,51.513736,On or near Shopping Area,E01032739,City of London 001F,Theft from the person,Investigation complete; no suspect identified,
376d71ad508efd5afc94953bdafc7d62f735c5043ff6a08165f16452c6a2cca2,2024-11,City of London Police,City of London Police,-0.081512,51.518692,On or near London Liverpool Street,E01032739,City of London 001F,Theft from the person,Investigation complete; no suspect identified,
69847ce660494a91ff86c1c29f9397dfe6cd497eb37c7194dd921d167e6de140,2024-11,City of London Police,City of London Police,-0.095224,51.513736,On or near Shopping Area,E01032739,City of London 001F,Theft from the person,Investigation complete; no suspect identified,
a56eea7ca7824cd5b64d505d13e1a41bca7db05dee4a9fe9c406db0008a9bc86,2024-11,City of London Police,City of London Police,-0.101906,51.511794,On or near Theatre/Concert Hall,E01032739,City of London 001F,Theft from the person,Investigation complete; no suspect identified,
c9cfd4fcc8ff365808b32e267f05fa45aac4f941d235545ea0c4966452fa408a,2024-11,City of London Police,City of London Police,-0.101963,51.510761,On or near Ferry Terminal,E01032739,City of London 001F,Theft from the person,Investigation complete; no suspect identified,
ce7ee732e4fa425177887c411b3408734d9d44296010f25e69ce3f9974454baa,2024-11,City of London Police,City of London Police,-0.104276,51.513712,On or near A201,E01032739,City of London 001F,Theft from the person,Investigation complete; no suspect identified,
d91022349e4227e1c5f3823f2d03fb447125d78cd90e2c90149901b13d38adfc,2024-11,City of London Police,City of London Police,-0.081113,51.516869,On or near Bishopsgate,E01032739,City of London 001F,Theft from the person,Status update unavailable,
a3778e7fe24550d59fd14bc8f784e1c948c81c8a77a75901c89779c77c0b7446,2024-11,City of London Police,City of London Police,-0.081902,51.517296,On or near Liverpool Street,E01032739,City of London 001F,Theft from the person,Investigation complete; no suspect identified,
77e5f143c80b166ab3efe4b209ca7e87a3d4c61c3a80dec21967e702d6511371,2024-11,City of London Police,City of London Police,-0.092531,51.512658,On or near Queen Street,E01032739,City of London 001F,Theft from the person,Investigation complete; no suspect identified,
07e4cbe5a5d2cf0105f4369e9e2f73c29a3781e528e956fb7559198a1e7c389f,2024-11,City of London Police,City of London Police,-0.104276,51.513712,On or near A201,E01032739,City of London 001F,Theft from the person,Investigation complete; no suspect identified,
cfb97c4e07c62a095edcb47937644fc0d86a60da4f3ddb3e13cb73427d5b0920,2024-11,City of London Police,City of London Police,-0.095924,51.513882,On or near Shopping Area,E01032739,City of London 001F,Theft from the person,Investigation complete; no suspect identified,
391009c431a47ae77eb0e824c59ea579f30ccb99e03e4e36d85f892e56660603,2024-11,City of London Police,City of London Police,-0.088785,51.517102,On or near Moorgate,E01032739,City of London 001F,Theft from the person,Investigation complete; no suspect identified,
f6463bfdeae13c63516cd02dbb655ad49ae6e6362869ffc8ce83f1c180e22f24,2024-11,City of London Police,City of London Police,-0.096501,51.513874,On or near New Change,E01032739,City of London 001F,Theft from the person,Investigation complete; no suspect identified,
eb9dd5ce28b1f09d38161ed5f1212eede47a0d7fa35f50ba10d63eed56862ddd,2024-11,City of London Police,City of London Police,-0.081902,51.517296,On or near Liverpool Street,E01032739,City of London 001F,Theft from the person,Investigation complete; no suspect identified,
a1b8f6537831872deab84971be8f782a1c6187f7496e60be253d652b76f62dc5,2024-11,City of London Police,City of London Police,-0.079521,51.511196,On or near New London Street,E01032739,City of London 001F,Theft from the person,Investigation complete; no suspect identified,
05c9da06f8ca1c5d6b65009559e490872d7ef2c5d2335e595c0cb330665a1b86,2024-11,City of London Police,City of London Police,-0.096501,51.513874,On or near New Change,E01032739,City of London 001F,Theft from the person,Investigation complete; no suspect identified,
c2b97f7c4771c0422bb55ff52d1aa1f75a50380b17e30cf28d0dd9d39b3b9ce7,2024-11,City of London Police,City of London Police,-0.091823,51.514427,On or near Ironmonger Lane,E01032739,City of London 001F,Vehicle crime,Status update unavailable,
fe8edc35eb34adaea1d023519e644070cabb8f84d15f3bd40bae61d22a549c5b,2024-11,City of London Police,City of London Police,-0.091823,51.514427,On or near Ironmonger Lane,E01032739,City of London 001F,Violence and sexual offences,Status update unavailable,
bafe54685aa5e8061e59f0fdbed4a950ea135ffa8c83f7c489d6be44d282ac4f,2024-11,City of London Police,City of London Police,-0.091410,51.510167,On or near Cousin Lane,E01032739,City of London 001F,Violence and sexual offences,Investigation complete; no suspect identified,
6aed368c1ddc28af025b4b2977b3c083e6c7bfc6a13be79b4d44048790561964,2024-11,City of London Police,City of London Police,-0.079907,51.517785,On or near Victoria Avenue,E01032739,City of London 001F,Violence and sexual offences,Unable to prosecute suspect,
68bb81ff76db9f3ea0f1f9ead84f1a7b3c0687ca571bc1c5b2f9211d4cf218f2,2024-11,City of London Police,City of London Police,-0.081643,51.510070,On or near Great Tower Street,E01032739,City of London 001F,Violence and sexual offences,Local resolution,
7b54d7ea0c339579c1e1c9ebcc0b7c9f4cff9d8b12af0603c7a44c6cca69805b,2024-11,City of London Police,City of London Police,-0.079907,51.517785,On or near Victoria Avenue,E01032739,City of London 001F,Violence and sexual offences,Unable to prosecute suspect,
9b5cc19d135ba97861fa4a6c44990f5cbc1dc41177b7b036f010d76f0e4b1585,2024-11,City of London Police,City of London Police,-0.079521,51.511196,On or near New London Street,E01032739,City of London 001F,Violence and sexual offences,Unable to prosecute suspect,
55c30f81ca80f3da1507ac5f7f8b38ac1085e7fcf257614273c33f30e59bfdec,2024-11,City of London Police,City of London Police,-0.088785,51.517102,On or near Moorgate,E01032739,City of London 001F,Violence and sexual offences,Status update unavailable,
f3e8d04b9ae4930789e16422f4b64f40fa433f10db7bf7165648ab21325395b0,2024-11,City of London Police,City of London Police,-0.078424,51.518093,On or near Widegate Street,E01032739,City of London 001F,Violence and sexual offences,Unable to prosecute suspect,
5878c6fff453bba27b325f167751202b8978fb98860775b64f51ab58a10e1036,2024-11,City of London Police,City of London Police,-0.087157,51.512624,On or near Lombard Street,E01032739,City of London 001F,Violence and sexual offences,Investigation complete; no suspect identified,
8bbad9e4344a11fa03aae6c8d75663150bdb28e3d8bc5a314b174a0fdeefa132,2024-11,City of London Police,City of London Police,-0.087772,51.510665,On or near Martin Lane,E01032739,City of London 001F,Violence and sexual offences,Investigation complete; no suspect identified,
612fa39c2658e7fa15b147d02ac19e3e0262f17d107ea1f94f37dcc8a7df5b1b,2024-11,City of London Police,City of London Police,-0.091410,51.510167,On or near Cousin Lane,E01032739,City of London 001F,Violence and sexual offences,Unable to prosecute suspect,
a6fb9d85925d4ec10b64fc7400878d579a62ff325c7c8640d54c499510871573,2024-11,City of London Police,City of London Police,-0.078477,51.509965,On or near Muscovy Street,E01032739,City of London 001F,Violence and sexual offences,Status update unavailable,
9bfede4b1c7dcf1d57543b015a733db53713e0c57a4ef680bec989cf2a0c3f90,2024-11,City of London Police,City of London Police,-0.078755,51.518440,On or near Artillery Lane,E01032739,City of London 001F,Violence and sexual offences,Court result unavailable,
db30f9b036cdaf3b7ee905456a553de056e106357358ba2054ce2fd272f08c25,2024-11,City of London Police,City of London Police,-0.078755,51.518440,On or near Artillery Lane,E01032739,City of London 001F,Violence and sexual offences,Court result unavailable,
eca46fa4721d5e8d9dd2418bd39f5453c5b7b93e87bfc600be089c28357d518e,2024-11,City of London Police,City of London Police,-0.078755,51.518440,On or near Artillery Lane,E01032739,City of London 001F,Violence and sexual offences,Court result unavailable,
616c253a62b5144d1a68be6e6531b38ccefe325c6598e702940ce86aad2daa58,2024-11,City of London Police,City of London Police,-0.084754,51.512882,On or near Corbet Court,E01032739,City of London 001F,Violence and sexual offences,Court result unavailable,
0086d99ec63af9dab28424ae37d18674320d22d48373ea58a47449eaf9d4c73f,2024-11,City of London Police,City of London Police,-0.079907,51.517785,On or near Victoria Avenue,E01032739,City of London 001F,Violence and sexual offences,Unable to prosecute suspect,
db011c953a3dfa48759d56d0449f00febb239e1658b005c5769420f411884b8f,2024-11,City of London Police,City of London Police,-0.079907,51.517785,On or near Victoria Avenue,E01032739,City of London 001F,Violence and sexual offences,Unable to prosecute suspect,
52d3f9611bb9e356fcc89d84703366016aecce8837fcb36e31f6bd079109e51f,2024-11,City of London Police,City of London Police,-0.088785,51.517102,On or near Moorgate,E01032739,City of London 001F,Violence and sexual offences,Unable to prosecute suspect,
fb24bad3160eedd4222b5e29562af5cbeb97c20d9137ee070d8a8f83d64ea6fd,2024-11,City of London Police,City of London Police,-0.101292,51.514770,On or near Amen Court,E01032739,City of London 001F,Violence and sexual offences,Investigation complete; no suspect identified,
9672e48b2b4be8d2985057794c979ce5b87d86919ea484ff3e3fc4b562c6a6a1,2024-11,City of London Police,City of London Police,-0.081643,51.510070,On or near Great Tower Street,E01032739,City of London 001F,Violence and sexual offences,Status update unavailable,
194b4f4cad0decbc4ec7a40edb6fd4830d5fc1aa58806012b0f400864b22f4b0,2024-11,City of London Police,City of London Police,-0.081643,51.510070,On or near Great Tower Street,E01032739,City of London 001F,Violence and sexual offences,Status update unavailable,
912a93d12f84e18516c64c6a16670576a0c1bf5d8b01b171c976a87c967d9dbc,2024-11,City of London Police,City of London Police,-0.081902,51.517296,On or near Liverpool Street,E01032739,City of London 001F,Violence and sexual offences,Status update unavailable,
cd520ea3bddab9b927860f959b96d8b03f675d939759bf5fce53bd3a258b5fb1,2024-11,City of London Police,City of London Police,-0.079907,51.517785,On or near Victoria Avenue,E01032739,City of London 001F,Violence and sexual offences,Status update unavailable,
fc3ca97276f8574bc4b10007b55a2b1bf05cc22c24403e8eb784e391cd3fa34f,2024-11,City of London Police,City of London Police,-0.094460,51.512024,On or near Great Trinity Lane,E01032739,City of London 001F,Violence and sexual offences,Unable to prosecute suspect,
b09978817dc89d62fdf626ae2fa2b842d81ae498d90adda8d3fc8eda6867b936,2024-11,City of London Police,City of London Police,-0.083977,51.510441,On or near Lovat Lane,E01032739,City of London 001F,Violence and sexual offences,Status update unavailable,
576e288e7f00b4dddae9774ad46533fdca704f08fd94c3a922c7e3f2c1103995,2024-11,City of London Police,City of London Police,-0.087772,51.510665,On or near Martin Lane,E01032739,City of London 001F,Violence and sexual offences,Status update unavailable,
943b53dc7b5cc7f1c2723d728e362075cbc601d85f1d7638e904a64f205dc03e,2024-11,City of London Police,City of London Police,-0.081902,51.517296,On or near Liverpool Street,E01032739,City of London 001F,Violence and sexual offences,Court result unavailable,
bbb9dd14765b4d8fa966344e5f8f172df50bf5a5b84d95bcb67a5237d5ad82df,2024-11,City of London Police,City of London Police,-0.083977,51.510441,On or near Lovat Lane,E01032739,City of London 001F,Violence and sexual offences,Unable to prosecute suspect,
e6c9eb1f8a519c16bcaaed8b98d4d0f5d48bb44d2bf10ebc429c4370fc28cbf2,2024-11,City of London Police,City of London Police,-0.079907,51.517785,On or near Victoria Avenue,E01032739,City of London 001F,Violence and sexual offences,Investigation complete; no suspect identified,
24b7cc6a1df711a0209fbf8aaa0ceddcda3c273ec98d47ec289813d8afb36789,2024-11,City of London Police,City of London Police,-0.083977,51.510441,On or near Lovat Lane,E01032739,City of London 001F,Violence and sexual offences,Unable to prosecute suspect,
e012ec890630de238f4cafbb7b7a1e756a0de84647819776a0cfc4a3debfb876,2024-11,City of London Police,City of London Police,-0.084844,51.509700,On or near Monument Street,E01032739,City of London 001F,Violence and sexual offences,Court result unavailable,
2a8fa924b5e34afadbe10afb95e1f59e877b78618a92d8782eae199d82f1573f,2024-11,City of London Police,City of London Police,-0.093339,51.511557,On or near Conference/Exhibition Centre,E01032739,City of London 001F,Violence and sexual offences,Local resolution,
7427b6ddcc4b24cd6ac4a79d4df4be47aab3c9e967b3526933e12a0a150f0a70,2024-11,City of London Police,City of London Police,-0.081512,51.518692,On or near London Liverpool Street,E01032739,City of London 001F,Violence and sexual offences,Court result unavailable,
6fd4a5ba2654ba9119bf71859ad15767a333a3f08670e38cc34225654a46b0b4,2024-11,City of London Police,City of London Police,-0.084844,51.509700,On or near Monument Street,E01032739,City of London 001F,Violence and sexual offences,Court result unavailable,
8f43b1dfbaa770d4c4e2a23772d06b5cce33780291c6d8ca42643f9b16901629,2024-11,City of London Police,City of London Police,-0.079907,51.517785,On or near Victoria Avenue,E01032739,City of London 001F,Violence and sexual offences,Investigation complete; no suspect identified,
8884e592176a87f53420aa446cb3c1fbaf06d1e72710c7cfad112b27cdd9068b,2024-11,City of London Police,City of London Police,-0.091947,51.513188,On or near Pancras Lane,E01032739,City of London 001F,Violence and sexual offences,Court result unavailable,
87fd688160a2322020ce009445a9c811feb879f8046582ba71cfe6644cdb9284,2024-11,City of London Police,City of London Police,-0.085089,51.512105,On or near Gracechurch Street,E01032739,City of London 001F,Violence and sexual offences,Investigation complete; no suspect identified,
987c2943e835bd2d798aa2f01e2c07cd52be232f4831e0b03c343ec8ad0332a4,2024-11,City of London Police,City of London Police,-0.101906,51.511794,On or near Theatre/Concert Hall,E01032739,City of London 001F,Violence and sexual offences,Investigation complete; no suspect identified,
6d2396bd643c8ad31d20a864e8a84ffaa5dba3c2537df922b9858e6e6cdf2fca,2024-11,City of London Police,City of London Police,-0.081902,51.517296,On or near Liverpool Street,E01032739,City of London 001F,Violence and sexual offences,Status update unavailable,
cb226dcd75308a2a3cb200ac480da68c58bc31c38b5b9674a9771628bfb9fceb,2024-11,City of London Police,City of London Police,-0.081113,51.516869,On or near Bishopsgate,E01032739,City of London 001F,Violence and sexual offences,Unable to prosecute suspect,
18c6676adcbbd857866fccd96f279b27b073baca14fb8b45d7d7979163e447ad,2024-11,City of London Police,City of London Police,-0.091947,51.513188,On or near Pancras Lane,E01032739,City of London 001F,Violence and sexual offences,Investigation complete; no suspect identified,
77c107d925d40d7df38798c0b8cc0be26323e14fa77f594a82818b88f2311573,2024-11,City of London Police,City of London Police,-0.094460,51.512024,On or near Great Trinity Lane,E01032739,City of London 001F,Violence and sexual offences,Status update unavailable,
15f4b0f6a33b112db3028c808d4608139597b5bc9ef8e49c34a870427f36aea7,2024-11,City of London Police,City of London Police,-0.078755,51.518440,On or near Artillery Lane,E01032739,City of London 001F,Violence and sexual offences,Status update unavailable,
f3fd22bd84a0ef1a43dba55cf51ab8e9e08a250d3ec05f1a8298574f682bca17,2024-11,City of London Police,City of London Police,-0.085089,51.512105,On or near Gracechurch Street,E01032739,City of London 001F,Violence and sexual offences,Offender given a caution,
a96a2abac87e2f17932b9ad6c6b5f836699bd5c31f30ab35962334a2b8b91978,2024-11,City of London Police,City of London Police,-0.081902,51.517296,On or near Liverpool Street,E01032739,City of London 001F,Violence and sexual offences,Status update unavailable,
baf48d533d3e13038800bccb488b41851a637d9a2dff9480cd3caafcb041af2e,2024-11,City of London Police,City of London Police,-0.079907,51.517785,On or near Victoria Avenue,E01032739,City of London 001F,Violence and sexual offences,Investigation complete; no suspect identified,
7325a587186d76eb4ce66a671bf76874bc7245baa262c6843981fbdce75de6e5,2024-11,City of London Police,City of London Police,-0.084844,51.510725,On or near Eastcheap,E01032739,City of London 001F,Violence and sexual offences,Investigation complete; no suspect identified,
0f5eb4b526515d851a3fd4b11d754e3d5c555f8e9f36ba6d46f52f1bd78b450e,2024-11,City of London Police,City of London Police,-0.096501,51.513874,On or near New Change,E01032739,City of London 001F,Violence and sexual offences,Unable to prosecute suspect,
fe8edc35eb34adaea1d023519e644070cabb8f84d15f3bd40bae61d22a549c5b,2024-11,City of London Police,City of London Police,-0.081902,51.517296,On or near Liverpool Street,E01032739,City of London 001F,Violence and sexual offences,Unable to prosecute suspect,
d1bbe55d75e7bfee35a98d45e4b6737aee591aafd7459e671380bd9184f7eea3,2024-11,City of London Police,City of London Police,-0.086019,51.513631,On or near Finch Lane,E01032739,City of London 001F,Violence and sexual offences,Status update unavailable,
61db471f343bec0ceb89e8db31ce5a90d5e0ff265238116486cd3be4080f2ed4,2024-11,City of London Police,City of London Police,-0.079883,51.517326,On or near New Street,E01032739,City of London 001F,Violence and sexual offences,Court result unavailable,
9abbe9ef284f58fcc7cefe100d1912cd17c1d9ffa299f91669c4924f3ede233b,2024-11,City of London Police,City of London Police,-0.079907,51.517785,On or near Victoria Avenue,E01032739,City of London 001F,Violence and sexual offences,Court result unavailable,
31670228d813566bae4e2a789c190fb11f6368063f40d4dc8315b21dd63061fa,2024-11,City of London Police,City of London Police,-0.083977,51.510441,On or near Lovat Lane,E01032739,City of London 001F,Violence and sexual offences,Unable to prosecute suspect,
a34e943cbe7a725e5de963139d6387058e260bdce650f4f12063b891a571a503,2024-11,City of London Police,City of London Police,-0.088903,51.510836,On or near Laurence Pountney Hill,E01032739,City of London 001F,Violence and sexual offences,Unable to prosecute suspect,
e84f1983a3d9247a3fd65d85b232e9c08ae1434fa0c22769280799801efcb1f7,2024-11,City of London Police,City of London Police,-0.084844,51.509700,On or near Monument Street,E01032739,City of London 001F,Violence and sexual offences,Court result unavailable,
52bb564d5b9dc3f1894c633041d172c18ccad19da6cb03527ed41ec36faa5745,2024-11,City of London Police,City of London Police,-0.082993,51.516360,On or near Wormwood Street,E01032739,City of London 001F,Violence and sexual offences,Investigation complete; no suspect identified,
cf6129995771585a8052b8731aaa4ac282fad650580bb4664f9e3699f830e1a7,2024-11,City of London Police,City of London Police,-0.091823,51.514427,On or near Ironmonger Lane,E01032739,City of London 001F,Violence and sexual offences,Unable to prosecute suspect,
194b4f4cad0decbc4ec7a40edb6fd4830d5fc1aa58806012b0f400864b22f4b0,2024-11,City of London Police,City of London Police,-0.079907,51.517785,On or near Victoria Avenue,E01032739,City of London 001F,Violence and sexual offences,Court result unavailable,
287c709b399f02520064e4b44eff1ee059b2d094a26befc2502735b2130512f2,2024-11,City of London Police,City of London Police,-0.083349,51.514830,On or near Shopping Area,E01032739,City of London 001F,Violence and sexual offences,Unable to prosecute suspect,
483cd838eea3a646dd775245fad5ab3c1ce174a13c7d7a23daa05f6edb226e8e,2024-11,City of London Police,City of London Police,-0.078059,51.509967,On or near Trinity Square,E01032739,City of London 001F,Violence and sexual offences,Unable to prosecute suspect,
2212eccd95771780f155da7e58263e9b54d8ac20adf3f19e6efd4e0aeb9ca9be,2024-11,City of London Police,City of London Police,-0.084910,51.512588,On or near Bell Inn Yard,E01032739,City of London 001F,Violence and sexual offences,Court result unavailable,
e108e5a522ada793321aaf368a3a2c4c087141d0f9609b41a3250bf298eafcc9,2024-11,City of London Police,City of London Police,-0.078278,51.513666,On or near Mitre Street,E01032739,City of London 001F,Violence and sexual offences,Investigation complete; no suspect identified,
3b09b802baeb6ee21cdee660ba99736ce3dc66d35a3277d7015b1cca24209764,2024-11,City of London Police,City of London Police,-0.084754,51.512882,On or near Corbet Court,E01032739,City of London 001F,Violence and sexual offences,Investigation complete; no suspect identified,
f60da90c70ff1327999f8abfa178401154d16f265e920afde6e58bcd618cfcbf,2024-11,City of London Police,City of London Police,-0.081512,51.518692,On or near London Liverpool Street,E01032739,City of London 001F,Violence and sexual offences,Court result unavailable,
6bf2d9ebb711413041fb003695a65ff43c4b9771682a8c8b6bc1340828bcbe0a,2024-11,City of London Police,City of London Police,-0.091947,51.513188,On or near Pancras Lane,E01032739,City of London 001F,Violence and sexual offences,Unable to prosecute suspect,
2a854df8ddc4889a6fa040fb14faf1d3af3da42f3ed47c980c62a4512befaae0,2024-11,City of London Police,City of London Police,-0.100888,51.514448,On or near Amen Corner,E01032739,City of London 001F,Violence and sexual offences,Unable to prosecute suspect,
d18268d5dd1601fb3885b070cb1bb48c0d3acb9675ade6ad692665c39e0e6b14,2024-11,City of London Police,City of London Police,-0.100888,51.514448,On or near Amen Corner,E01032739,City of London 001F,Violence and sexual offences,Unable to prosecute suspect,
14525a2482239d4139d04a680f19ae95e151f6342cafa0338c8407c344cc6436,2024-11,City of London Police,City of London Police,-0.081902,51.517296,On or near Liverpool Street,E01032739,City of London 001F,Violence and sexual offences,Offender given penalty notice,
f564c1a32e15559ca3d8c4cba84ea80a6082e8aab3b2b3282aac85213b6a9968,2024-11,City of London Police,City of London Police,-0.081113,51.516869,On or near Bishopsgate,E01032739,City of London 001F,Violence and sexual offences,Investigation complete; no suspect identified,
ec6a39f70e397925aae40ea1e38ceab614951f7e2ab2bd17dee7d1218029786f,2024-11,City of London Police,City of London Police,-0.092036,51.511049,On or near College Street,E01032739,City of London 001F,Violence and sexual offences,Unable to prosecute suspect,
17917713102cb72df5052a4714fa7bc2a898c350df8197d2f104f01310e36a50,2024-11,City of London Police,City of London Police,-0.081113,51.516869,On or near Bishopsgate,E01032739,City of London 001F,Violence and sexual offences,Investigation complete; no suspect identified,
7ac18b62cf1c6545fd610f14aa4be5c0df849ee3f8d3ab3b2e95583833d296eb,2024-11,City of London Police,City of London Police,-0.079907,51.517785,On or near Victoria Avenue,E01032739,City of London 001F,Violence and sexual offences,Offender given a caution,
951d291d60d4b4dac0343ff4922255082b4c68fa06d17d561b2dd20861e468b2,2024-11,City of London Police,City of London Police,-0.087772,51.510665,On or near Martin Lane,E01032739,City of London 001F,Violence and sexual offences,Investigation complete; no suspect identified,
e1ea03c963e3b3d21eada80c930ed696dae85cbe0dfec808cce7a0be8d82b853,2024-11,City of London Police,City of London Police,-0.079883,51.517326,On or near New Street,E01032739,City of London 001F,Violence and sexual offences,Unable to prosecute suspect,
43c03d68795f8333fd0dd3dff582d175530496baa1434937a15266c9aa2b4444,2024-11,City of London Police,City of London Police,-0.096501,51.513874,On or near New Change,E01032739,City of London 001F,Violence and sexual offences,Investigation complete; no suspect identified,
a9b4d21b8e96acad7458fb75c4183c1e05d2b1146bcd7b9b012fdfb10993a235,2024-11,City of London Police,City of London Police,-0.095764,51.512549,On or near Friday Street,E01032739,City of London 001F,Other crime,Investigation complete; no suspect identified,
37cfc83878c55550b2959dbe7abb2df462e54a2fa0cedf174f2108bedb80d609,2024-11,City of London Police,City of London Police,-0.101963,51.510761,On or near Ferry Terminal,E01032739,City of London 001F,Other crime,Status update unavailable,
085f14c24b830d5b2ac47b48abdf5b410378159be39f7a518219fe6e4b4c3b74,2024-11,City of London Police,City of London Police,-0.081113,51.516869,On or near Bishopsgate,E01032739,City of London 001F,Other crime,Unable to prosecute suspect,
00ec2a7a263dadcfecf15be80b734ebf9872655d83cd6b8e6af32b0d1ea3c74e,2024-11,City of London Police,City of London Police,-0.077563,51.517656,On or near Sandy'S Row,E01032739,City of London 001F,Other crime,Local resolution,
e190d6b1a677898e6ac32304e5810d4dc155f8bbdbd7e7fb9b037bab00b201c1,2024-11,City of London Police,City of London Police,-0.096501,51.513874,On or near New Change,E01032739,City of London 001F,Other crime,Unable to prosecute suspect,
cc83e2a25ae461854c87d48e86535293fae113e797c8b9ff33cc86ba3651d81b,2024-11,City of London Police,City of London Police,-0.086019,51.513631,On or near Finch Lane,E01032739,City of London 001F,Other crime,Court result unavailable,
195dbb52627670e69869b99b79d43324f6b2c29ce220d1e39718e7013a096833,2024-11,City of London Police,City of London Police,-0.081902,51.517296,On or near Liverpool Street,E01032739,City of London 001F,Other crime,Court result unavailable,
f334cea0d4262c4260b664033931db165e9c05f5f00c4ca0106636d6311bb81e,2024-11,City of London Police,City of London Police,-0.083600,51.509797,On or near St Mary At Hill,E01032739,City of London 001F,Other crime,Court result unavailable,
8fdb255c2fc5a7932ee0b90ad9f7eeacc50895a89e7f718f6512a6d9bfd26c01,2024-11,City of London Police,City of London Police,-0.101292,51.514770,On or near Amen Court,E01032739,City of London 001F,Other crime,Status update unavailable,
3cb92a8e41e14b5e1c27494dc56eb3d2b3f9ce320e7de92673d2c64e0a637a5f,2024-11,City of London Police,City of London Police,-0.101292,51.514770,On or near Amen Court,E01032739,City of London 001F,Other crime,Local resolution,
967b94812266a8cb8dc506ccbb890020152ae0b01e9a3f692df6770bc36027fd,2024-11,City of London Police,City of London Police,-0.101292,51.514770,On or near Amen Court,E01032739,City of London 001F,Other crime,Status update unavailable,
74cb39f1b18445b955ea7da60880c9c39dff634f68e5a06cc69e7a3a626918c3,2024-11,City of London Police,City of London Police,-0.095764,51.512549,On or near Friday Street,E01032739,City of London 001F,Other crime,Local resolution,
e051eccefe1b1ccc0e5a7295282fcff9ebd73025cc3ff45b67983fc27613b54b,2024-11,City of London Police,City of London Police,-0.105131,51.513941,On or near Bride Lane,E01032740,City of London 001G,Bicycle theft,Investigation complete; no suspect identified,
754afb0dbaf30d30b008b26e487b9d08a8168a6b4afb3aa01ebd5b4fc52ad43f,2024-11,City of London Police,City of London Police,-0.098397,51.519561,On or near Middle Street,E01032740,City of London 001G,Burglary,Investigation complete; no suspect identified,
f44bebfb2fbe493628f08d4538963635c28cf19f4b53bfc48d55bef69827a32f,2024-11,City of London Police,City of London Police,-0.109387,51.513839,On or near Old Mitre Court,E01032740,City of London 001G,Burglary,Investigation complete; no suspect identified,
774b0a379af05bd00e443660c17a6dbf5579046f2f8977a3aab1cc063ca3bcf5,2024-11,City of London Police,City of London Police,-0.109164,51.517846,On or near Holborn,E01032740,City of London 001G,Burglary,Investigation complete; no suspect identified,
49124375a5c5badd3e9d9b1d063fc2f55215da1fb903ed8c23152e4176fc5b68,2024-11,City of London Police,City of London Police,-0.099803,51.519026,On or near Cloth Fair,E01032740,City of London 001G,Burglary,Status update unavailable,
57950f6352ee200e7450e8b979007ef4c17c63ee0a61fd9f176816a78b8b355a,2024-11,City of London Police,City of London Police,-0.107201,51.514092,On or near Conference/Exhibition Centre,E01032740,City of London 001G,Criminal damage and arson,Unable to prosecute suspect,
23a77da8704a3c895681e52225a3ab8cbb96e6098e573bbd545030e5a3c3543e,2024-11,City of London Police,City of London Police,-0.105131,51.513941,On or near Bride Lane,E01032740,City of London 001G,Criminal damage and arson,Investigation complete; no suspect identified,
9c86eff0d07596021184071c4a1a63a4d7bb35d4891b36c64406dff1372c3496,2024-11,City of London Police,City of London Police,-0.101621,51.516906,On or near Giltspur Street,E01032740,City of London 001G,Criminal damage and arson,Investigation complete; no suspect identified,
11d7f3068e2d3a6fcd04c5f090f84396d33cfbbc65c18f7e3b8603854f3cbd94,2024-11,City of London Police,City of London Police,-0.099709,51.519906,On or near Farringdon,E01032740,City of London 001G,Criminal damage and arson,Investigation complete; no suspect identified,
32887db5d4d155fade47deb09434bf2e5577b7ab1b4fa1332d1f64851181c53b,2024-11,City of London Police,City of London Police,-0.108027,51.511884,On or near Temple Avenue,E01032740,City of London 001G,Drugs,Investigation complete; no suspect identified,
6c12c8665f659a8c25f8605e6e829a9e26f81a2f09d5631266def32c24993fca,2024-11,City of London Police,City of London Police,-0.109164,51.517846,On or near Holborn,E01032740,City of London 001G,Drugs,Status update unavailable,
b6f5e3b8ad15b322eed11e4d2ced991770d930d55a5220179f055f96599d6693,2024-11,City of London Police,City of London Police,-0.109913,51.516806,On or near Norwich Street,E01032740,City of London 001G,Other theft,Investigation complete; no suspect identified,
0a17ec5f8c38c0fb7164ccb669121ae1cd5d29e9310a3137f3f598a250776114,2024-11,City of London Police,City of London Police,-0.106076,51.517239,On or near Conference/Exhibition Centre,E01032740,City of London 001G,Other theft,Investigation complete; no suspect identified,
78699f61719888a0845a567cf8a44aa31ec04f403b2f33053bcfc4584340ad86,2024-11,City of London Police,City of London Police,-0.098017,51.519689,On or near Cloth Street,E01032740,City of London 001G,Other theft,Investigation complete; no suspect identified,
48fdd7bcc1f380a744225d451abbd5f6ae2f292a9baf9a32910ac5bdf71af9d0,2024-11,City of London Police,City of London Police,-0.101621,51.516906,On or near Giltspur Street,E01032740,City of London 001G,Other theft,Investigation complete; no suspect identified,
70a09a014b435f238426be26ca99aecb8f529f6f876ec3c6a358e8e6455648e0,2024-11,City of London Police,City of London Police,-0.105909,51.513262,On or near Dorset Buildings,E01032740,City of London 001G,Other theft,Investigation complete; no suspect identified,
b4687bfa7bf04156612fb0a93b6db07b912f78cbb5cdb1251a5af9993068bcc9,2024-11,City of London Police,City of London Police,-0.106076,51.517239,On or near Conference/Exhibition Centre,E01032740,City of London 001G,Other theft,Investigation complete; no suspect identified,
2abd6a63ecdcb2189ce7efef24df92c72b2657d2f0b63cf8b5b695124320bd1c,2024-11,City of London Police,City of London Police,-0.104980,51.512033,On or near Kingscote Street,E01032740,City of London 001G,Other theft,Investigation complete; no suspect identified,
bd04608b7e8b8ea6f9686847eaaa924628c4e0f8b8abd4646bed02eaf57bf931,2024-11,City of London Police,City of London Police,-0.099803,51.519026,On or near Cloth Fair,E01032740,City of London 001G,Other theft,Investigation complete; no suspect identified,
51115ab88a12742778a89c15c9ea61760e2bc6533f5228302148d9daef75cb34,2024-11,City of London Police,City of London Police,-0.097959,51.517629,On or near Montague Street,E01032740,City of London 001G,Other theft,Investigation complete; no suspect identified,
ecf81372584bfcdb04343d468c1b1b28ba64bb618fa1c80c6ee5fbe3969fe1e2,2024-11,City of London Police,City of London Police,-0.106076,51.517239,On or near Conference/Exhibition Centre,E01032740,City of London 001G,Other theft,Court result unavailable,
cf7847960b62a556c993b00291d9bb6a792197614f654b77cce3263aead51c3b,2024-11,City of London Police,City of London Police,-0.112953,51.518231,On or near Southampton Buildings,E01032740,City of London 001G,Other theft,Investigation complete; no suspect identified,
edef2aaa78675a5a620c634cba885a3c219f0ae92b1c19e8a34be4ca3cfd9767,2024-11,City of London Police,City of London Police,-0.112953,51.518231,On or near Southampton Buildings,E01032740,City of London 001G,Other theft,Investigation complete; no suspect identified,
15f7ef2a9d9c03e941d3f4ea87dbf43472ac954eead4c025c7d79e089a83d882,2024-11,City of London Police,City of London Police,-0.105131,51.513941,On or near Bride Lane,E01032740,City of London 001G,Other theft,Investigation complete; no suspect identified,
3adeb70cff660446c7eb58568a4444f2ec8d4b5a1818700407143176f2e93cc2,2024-11,City of London Police,City of London Police,-0.098017,51.519689,On or near Cloth Street,E01032740,City of London 001G,Other theft,Investigation complete; no suspect identified,
73ef7f60fb657fe45bd377ddeeb2863895e2db0c8cabe4e5962ade102de96f16,2024-11,City of London Police,City of London Police,-0.102812,51.517051,On or near Police Station,E01032740,City of London 001G,Other theft,Investigation complete; no suspect identified,
0f90676c3cb9235fa1e31dd3af7a2eeb21b7beb7177341fedeea2f2661edf33f,2024-11,City of London Police,City of London Police,-0.102726,51.513911,On or near Pageantmaster Court,E01032740,City of London 001G,Possession of weapons,Further investigation is not in the public interest,
4d21cc4a7780fc15f844ee57004e4502953d414188c0fa1d42df891f5427c39a,2024-11,City of London Police,City of London Police,-0.104980,51.512033,On or near Kingscote Street,E01032740,City of London 001G,Possession of weapons,Offender given a caution,
f60ee442fe2387105022042576f986d26951572b791b3440d6e55a04c7825517,2024-11,City of London Police,City of London Police,-0.105131,51.513941,On or near Bride Lane,E01032740,City of London 001G,Public order,Unable to prosecute suspect,
fc6ea97a03111377db6e65e5f51d1320fc38fe9750305a1ad94e9266ae502b1a,2024-11,City of London Police,City of London Police,-0.099803,51.519026,On or near Cloth Fair,E01032740,City of London 001G,Public order,Status update unavailable,
19b0f0c793168a46887239ebd7f4e0e8a7e008ac67ecc855a5c423311dad6502,2024-11,City of London Police,City of London Police,-0.111065,51.512302,On or near Middle Temple Lane,E01032740,City of London 001G,Public order,Investigation complete; no suspect identified,
63197f466d3a032cb0c314d88b940860a6c7d7f9a15f15e0511bfe986d78f171,2024-11,City of London Police,City of London Police,-0.101621,51.516906,On or near Giltspur Street,E01032740,City of London 001G,Public order,Unable to prosecute suspect,
bd1163a00ba08a323e8dcf7f6ab8cc040b3b3bf140cbe265f0e5c1b242f135c5,2024-11,City of London Police,City of London Police,-0.105909,51.513262,On or near Dorset Buildings,E01032740,City of London 001G,Public order,Investigation complete; no suspect identified,
e7a362dbe2b370a0f2a1ce413d3cd5d0e1fc7da7dfd2322580a134cc08d610b2,2024-11,City of London Police,City of London Police,-0.107201,51.514092,On or near Conference/Exhibition Centre,E01032740,City of London 001G,Public order,Investigation complete; no suspect identified,
961ede0241848033e334fbde817584b4a57aaeb3aa801fceaf4e5d3d0636fd83,2024-11,City of London Police,City of London Police,-0.106076,51.517239,On or near Conference/Exhibition Centre,E01032740,City of London 001G,Public order,Unable to prosecute suspect,
8eb6e4995c968564d3b6583390ded2614f32802a14e816b2bf787bcff7036405,2024-11,City of London Police,City of London Police,-0.101621,51.516906,On or near Giltspur Street,E01032740,City of London 001G,Public order,Unable to prosecute suspect,
24b399bcc00a1867aeb65aeb9bdc0b8ccb1d28c24b6b343bd43609ead5831421,2024-11,City of London Police,City of London Police,-0.102726,51.513911,On or near Pageantmaster Court,E01032740,City of London 001G,Public order,Unable to prosecute suspect,
1b43e5d7c35a7b25c37fba2475848b29da95e005e47d931caf7e0fa5d8b92bc4,2024-11,City of London Police,City of London Police,-0.107201,51.514092,On or near Conference/Exhibition Centre,E01032740,City of London 001G,Public order,Investigation complete; no suspect identified,
ba9d0e79d10021799f889a8f3435a40f0846dc4f3f640254bc3985baa36dce08,2024-11,City of London Police,City of London Police,-0.108236,51.515179,On or near Pemberton Row,E01032740,City of London 001G,Public order,Investigation complete; no suspect identified,
3881dc2a2723756c187011e6fba50f800d74cc8bf9eacf2baff477c05df50853,2024-11,City of London Police,City of London Police,-0.109164,51.517846,On or near Holborn,E01032740,City of London 001G,Robbery,Investigation complete; no suspect identified,
e79b53ee19c57f9359c994f26522b3b58015f5e92727babe40bba89ca9cf00bc,2024-11,City of London Police,City of London Police,-0.106076,51.517239,On or near Conference/Exhibition Centre,E01032740,City of London 001G,Robbery,Investigation complete; no suspect identified,
4031d0bad17112e0aab17d0e4e0acea739460e15d786b1c80ac59952408e39b8,2024-11,City of London Police,City of London Police,-0.102726,51.513911,On or near Pageantmaster Court,E01032740,City of London 001G,Robbery,Investigation complete; no suspect identified,
1f94ccca353e9ae54f24fe613ab68104403bd69926fff1828077c29dc030120e,2024-11,City of London Police,City of London Police,-0.102726,51.513911,On or near Pageantmaster Court,E01032740,City of London 001G,Robbery,Investigation complete; no suspect identified,
8b00824d6494816f0c65d9fd9de216e9bbca9a471dd3c9fdcdc04c2b2c962208,2024-11,City of London Police,City of London Police,-0.112953,51.518231,On or near Southampton Buildings,E01032740,City of London 001G,Shoplifting,Status update unavailable,
9ee3bcd90e9d9e803483087de9c0f81b97d6ce1679ed3b6ee84735e9764e7468,2024-11,City of London Police,City of London Police,-0.098017,51.519689,On or near Cloth Street,E01032740,City of London 001G,Theft from the person,Investigation complete; no suspect identified,
6213df5d806ab3dadfd869731a9144661586a59d39d0e2edf25e9b820a381765,2024-11,City of London Police,City of London Police,-0.108450,51.514202,On or near Fleet Street,E01032740,City of London 001G,Theft from the person,Investigation complete; no suspect identified,
b3ba046ad670a8f443429be1c06bbd72cebb9a4203e0d8079d671335a38c4bc2,2024-11,City of London Police,City of London Police,-0.112953,51.518231,On or near Southampton Buildings,E01032740,City of London 001G,Theft from the person,Investigation complete; no suspect identified,
9829229991d0eb51914ed61da3a64b7aa740b3d3d3ff49175b7bd30719669705,2024-11,City of London Police,City of London Police,-0.104980,51.512033,On or near Kingscote Street,E01032740,City of London 001G,Theft from the person,Investigation complete; no suspect identified,
3963e50a8f1eeaefb9159b543bfe1ae05f2b060a2d58087e4358fca4bb82f6a2,2024-11,City of London Police,City of London Police,-0.109164,51.517846,On or near Holborn,E01032740,City of London 001G,Theft from the person,Investigation complete; no suspect identified,
e1d135660f76fc6308d12351522248a76d3a7d818a1d97f9528c9c355a0ca74b,2024-11,City of London Police,City of London Police,-0.102726,51.513911,On or near Pageantmaster Court,E01032740,City of London 001G,Theft from the person,Investigation complete; no suspect identified,
bf3e5df0e9778a1183b9d1078def8a931527e16222c54a8ad39e787b133beecd,2024-11,City of London Police,City of London Police,-0.108017,51.514213,On or near Fleet Street,E01032740,City of London 001G,Theft from the person,Investigation complete; no suspect identified,
d06cde41a8b925d566dc3d7cd2a654c2d4a8e5e010708acecf498eb85688f00d,2024-11,City of London Police,City of London Police,-0.108450,51.514202,On or near Fleet Street,E01032740,City of London 001G,Theft from the person,Investigation complete; no suspect identified,
d31f6732c62491c2368d759ff8586a8217ee9f01cc631f9f008f66565b137361,2024-11,City of London Police,City of London Police,-0.109164,51.517846,On or near Holborn,E01032740,City of London 001G,Theft from the person,Investigation complete; no suspect identified,
969c22278f9f570bd9f1ee8c81a58f2fa8312d331d6eca0aa868ba179c595eeb,2024-11,City of London Police,City of London Police,-0.108027,51.511884,On or near Temple Avenue,E01032740,City of London 001G,Theft from the person,Investigation complete; no suspect identified,
918c1a9b5bd84fbb19be07d89615c6c47be33471f46597e82ea133d23ff66253,2024-11,City of London Police,City of London Police,-0.102726,51.513911,On or near Pageantmaster Court,E01032740,City of London 001G,Theft from the person,Investigation complete; no suspect identified,
76af8bc35cbf99c61af408caef8f49fbca706d2e3c647e4708cc3e94b7e67b64,2024-11,City of London Police,City of London Police,-0.102726,51.513911,On or near Pageantmaster Court,E01032740,City of London 001G,Theft from the person,Investigation complete; no suspect identified,
78f18469f82cd2fb75964802e0174b801a8ba08724fb2d325802cba9963bb748,2024-11,City of London Police,City of London Police,-0.106076,51.517239,On or near Conference/Exhibition Centre,E01032740,City of London 001G,Theft from the person,Investigation complete; no suspect identified,
057fcebb4df2ddabbe4ff09d183a8ac3e7467a138a6f494f63689b9339d02bef,2024-11,City of London Police,City of London Police,-0.108450,51.514202,On or near Fleet Street,E01032740,City of London 001G,Theft from the person,Investigation complete; no suspect identified,
5a4d8c23ffb7ccdc5b35499522802fd121c10db045a72973967c5ffb3ff00b92,2024-11,City of London Police,City of London Police,-0.102726,51.513911,On or near Pageantmaster Court,E01032740,City of London 001G,Theft from the person,Investigation complete; no suspect identified,
7de931ced7cc51cbb0728585e7562ec5d3a34b5fd71c5459015d8ae8e25bf9c1,2024-11,City of London Police,City of London Police,-0.101621,51.516906,On or near Giltspur Street,E01032740,City of London 001G,Theft from the person,Investigation complete; no suspect identified,
1a7f4434bd86913010468385a0dae08b8624915ae0548b92bbe280686964b730,2024-11,City of London Police,City of London Police,-0.106076,51.517239,On or near Conference/Exhibition Centre,E01032740,City of London 001G,Theft from the person,Investigation complete; no suspect identified,
9ebdbaea229d6cdf2df4bccd086f5aa47ce1cf6e9332260886f97015dcc0f9ae,2024-11,City of London Police,City of London Police,-0.108450,51.514202,On or near Fleet Street,E01032740,City of London 001G,Theft from the person,Investigation complete; no suspect identified,
65247eea80d07c56333901245ef574b4b1ed7b9988ce30e7fd62fa25290be3ee,2024-11,City of London Police,City of London Police,-0.106076,51.517239,On or near Conference/Exhibition Centre,E01032740,City of London 001G,Theft from the person,Investigation complete; no suspect identified,
b04377d6cd8d07527a2bf93890c9ae841218d10052f32572c917a9a33205073c,2024-11,City of London Police,City of London Police,-0.110690,51.517916,On or near Further/Higher Educational Building,E01032740,City of London 001G,Theft from the person,Investigation complete; no suspect identified,
67ef3495d4f65d130f6b96336eb8fba72d5465e457f7efa05b85322afaaddcca,2024-11,City of London Police,City of London Police,-0.102726,51.513911,On or near Pageantmaster Court,E01032740,City of London 001G,Theft from the person,Investigation complete; no suspect identified,
ff7b8ecd48b9fb15242e23fd98d353b4bfd7fee2bdac1ea3e7c217bcd4ae0640,2024-11,City of London Police,City of London Police,-0.099709,51.519906,On or near Farringdon,E01032740,City of London 001G,Violence and sexual offences,Court result unavailable,
c011f0a98dcbeb24d3280c2896259b8f25d3457628a351633391da0877fecc9f,2024-11,City of London Police,City of London Police,-0.109913,51.516806,On or near Norwich Street,E01032740,City of London 001G,Violence and sexual offences,Unable to prosecute suspect,
be76f44358e2c05898da0acef242a23ce75f12d7a0d58bebe883ea781486024a,2024-11,City of London Police,City of London Police,-0.101359,51.518700,On or near Parking Area,E01032740,City of London 001G,Violence and sexual offences,Unable to prosecute suspect,
719fa952a1adfc5841ce28ae5534d28eff7b7697e46cae045e4491b8b1aa5005,2024-11,City of London Police,City of London Police,-0.099803,51.519026,On or near Cloth Fair,E01032740,City of London 001G,Violence and sexual offences,Status update unavailable,
fc6f8117cdd139da644001def9927c0a7f5b93e4e3609e44c3c5d412d1021b78,2024-11,City of London Police,City of London Police,-0.098017,51.519689,On or near Cloth Street,E01032740,City of London 001G,Violence and sexual offences,Unable to prosecute suspect,
b50f3cd27024a10af3c556bfda9a06545fe88d38633c7280bf104e5ea5b14e02,2024-11,City of London Police,City of London Police,-0.110690,51.517916,On or near Further/Higher Educational Building,E01032740,City of London 001G,Violence and sexual offences,Investigation complete; no suspect identified,
666ac2701c4f65829f0dc9626904451897f656e31e8c27824b13e74fb5c94d81,2024-11,City of London Police,City of London Police,-0.102726,51.513911,On or near Pageantmaster Court,E01032740,City of London 001G,Violence and sexual offences,Status update unavailable,
09a246961403b4630c08800dda729b29542b682d7f413ca1b319fa519ad7896c,2024-11,City of London Police,City of London Police,-0.098017,51.519689,On or near Cloth Street,E01032740,City of London 001G,Violence and sexual offences,Status update unavailable,
5c7f31d88d08b3f21dc3726387de682d8c4a45ebf5e10d6ebc1a070c7d325e05,2024-11,City of London Police,City of London Police,-0.109164,51.517846,On or near Holborn,E01032740,City of London 001G,Violence and sexual offences,Investigation complete; no suspect identified,
e3ed5abb4af05a1f8029905734ee51d662f950043ccd69b281c936e1b51f7657,2024-11,City of London Police,City of London Police,-0.105131,51.513941,On or near Bride Lane,E01032740,City of London 001G,Violence and sexual offences,Investigation complete; no suspect identified,
4d3e70197dd9b985f858dcd0f0f9c8fac8a932d32923c178f8da7850fc942a08,2024-11,City of London Police,City of London Police,-0.105131,51.513941,On or near Bride Lane,E01032740,City of London 001G,Violence and sexual offences,Unable to prosecute suspect,
b0dc07dd64458e953d41d500bd9e3f0d1796074d1dabfb0609cc0cc6ca064f3c,2024-11,City of London Police,City of London Police,-0.110690,51.517916,On or near Further/Higher Educational Building,E01032740,City of London 001G,Violence and sexual offences,Court result unavailable,
bb6bf155660a847cf7c06fb2464e3ea8eec1154e9af6d61d642e6d4af23b0e23,2024-11,City of London Police,City of London Police,-0.103490,51.513897,On or near City Thameslink,E01032740,City of London 001G,Violence and sexual offences,Investigation complete; no suspect identified,
d2eec4a8cad7a4bef1cdd6c5953703c62ba5efd3e3d5a8a79612b1415adcde51,2024-11,City of London Police,City of London Police,-0.108450,51.514202,On or near Fleet Street,E01032740,City of London 001G,Violence and sexual offences,Investigation complete; no suspect identified,
8247d858ea433e810bccaa616f72b3df9284755ecc1f228c5d0db9ff9c34d271,2024-11,City of London Police,City of London Police,-0.108909,51.515297,On or near West Harding Street,E01032740,City of London 001G,Other crime,Status update unavailable,
f490ad5969fdb51eaab22b11bdd5cdf408346cad4d72152843df011ecab3f3ce,2024-11,City of London Police,City of London Police,-0.109540,51.515721,On or near Rolls Buildings,E01032740,City of London 001G,Other crime,Status update unavailable,
b0339b080bad896b18daab2aec8e98a260d199d0e513e54e22e9fb2c9a97bb4c,2024-11,City of London Police,City of London Police,-0.091752,51.560252,On or near Riversdale Road,E01001719,Hackney 007E,Violence and sexual offences,Status update unavailable,
0ad7702ed1db4ab2e174d58c11b7c43563863f4e63ea39881c1a808d38adc761,2024-11,City of London Police,City of London Police,-0.082648,51.520455,On or near Earl Street,E01033708,Hackney 033C,Other theft,Investigation complete; no suspect identified,
8ee8d87073ee0a6527c02bc74330e8623dce690ec9733a7812c159fbc7f3336d,2024-11,City of London Police,City of London Police,-0.081813,51.520783,On or near Appold Street,E01033708,Hackney 033C,Robbery,Investigation complete; no suspect identified,
51176304ba85a613cf9be582c7aab6ac1ab55a6ea99d36cab29a153d83fef34b,2024-11,City of London Police,City of London Police,-0.106396,51.549464,On or near Fieldway Crescent,E01002739,Islington 013A,Violence and sexual offences,Investigation complete; no suspect identified,
1db01add9913ee13a1365a88c8adc51f549337893c747e1ab48a5cbedfe77597,2024-11,City of London Police,City of London Police,-0.103679,51.519080,On or near Charterhouse Street,E01002724,Islington 022D,Theft from the person,Investigation complete; no suspect identified,
d5c60b37933f683be5a5fed2d183b3a774fa0d06d3857e4f1407556dc18f5d15,2024-11,City of London Police,City of London Police,-0.084876,51.525770,On or near Singer Street,E01002704,Islington 023D,Drugs,Investigation complete; no suspect identified,
2a4c4386b016c07a328aba5fcb3f4de6086c8a66bd5f72fbbf63de80585ce214,2024-11,City of London Police,City of London Police,-0.086858,51.521127,On or near Parking Area,E01002704,Islington 023D,Shoplifting,Local resolution,
6da8f7ef3524342dfc9d7d0c3208c7be29eaf244f6042fcaa90ed9263f40cd8e,2024-11,City of London Police,City of London Police,-0.092405,51.522026,On or near Supermarket,E01002704,Islington 023D,Theft from the person,Investigation complete; no suspect identified,
2dc6bfc6d094419d897bac989f92939db20db4f2fc9d043cdea9c2f423dc3f93,2024-11,City of London Police,City of London Police,0.006201,51.523699,On or near Nutmeg Close,E01003500,Newham 027C,Vehicle crime,Status update unavailable,
383fec904bc03b7db3c2583f272085b3710be34c8823f7211c016b0943ca98b7,2024-11,City of London Police,City of London Police,-0.106685,51.508094,On or near Upper Ground,E01003934,Southwark 002C,Theft from the person,Investigation complete; no suspect identified,
5cdfbcb60c3b3a0b64e7e3fda62c839746264524ddc8e8012a8207bc92ea659d,2024-11,City of London Police,City of London Police,-0.086692,51.504452,On or near Hospital,E01003981,Southwark 006F,Violence and sexual offences,Status update unavailable,
54be90f7fdc35098e2bfbdf63368d7e2f34994878d91440cc702afbbad6a39cc,2024-11,City of London Police,City of London Police,-0.078693,51.504851,On or near Conference/Exhibition Centre,E01033884,Southwark 035A,Other theft,Action to be taken by another organisation,
cd520ea3bddab9b927860f959b96d8b03f675d939759bf5fce53bd3a258b5fb1,2024-11,City of London Police,City of London Police,-0.057551,51.524557,On or near Violet Street,E01004212,Tower Hamlets 011D,Violence and sexual offences,Unable to prosecute suspect,
089aa6722043e59607c608bd0a5e2f6b77b6459f0ebc0128aa01ab066b35fdb1,2024-11,City of London Police,City of London Police,-0.076053,51.516876,On or near Cobb Street,E01004307,Tower Hamlets 015B,Drugs,Awaiting court outcome,
61cf6492128633d175099edf7e537724ff750294d62cb101df94d2f23a7ecbdd,2024-11,City of London Police,City of London Police,-0.078757,51.520455,On or near Spital Square,E01004307,Tower Hamlets 015B,Other theft,Investigation complete; no suspect identified,
8824af2ced7f040fa18929c1cde64c631313fec7355ca9733b64f0f3e4ce31da,2024-11,City of London Police,City of London Police,-0.078757,51.520455,On or near Spital Square,E01004307,Tower Hamlets 015B,Shoplifting,Local resolution,
e79900c5846aec5d4ee696c19e8932c5b64284458008d57edd5e7165a69533a5,2024-11,City of London Police,City of London Police,-0.075674,51.515971,On or near New Goulston Street,E01004307,Tower Hamlets 015B,Theft from the person,Investigation complete; no suspect identified,
8d8896fab7ebf912773adbbe12a924b9ecc8b8b6762a7797691ee2b2176f9872,2024-11,City of London Police,City of London Police,-0.071884,51.515261,On or near Whitechapel High Street,E01004309,Tower Hamlets 015D,Drugs,Court result unavailable,
bc44d82e11142bcb5856bb0d3964c20dd89cb522ff1cbac4db54c0810cb85c36,2024-11,City of London Police,City of London Police,-0.074039,51.508588,On or near Tower Bridge Approach,E01004293,Tower Hamlets 027B,Drugs,Offender given a drugs possession warning,
dc7a0cb45569e2b3a88354ada749634fda6e5de16b8f17a85975d5517f9dde0c,2024-11,City of London Police,City of London Police,-0.074039,51.508588,On or near Tower Bridge Approach,E01004293,Tower Hamlets 027B,Theft from the person,Investigation complete; no suspect identified,
a7480d920e4f9de2ec1aaf91b9add113cf3d69d7882fa77724289dcea266c8f8,2024-11,City of London Police,City of London Police,-0.126987,51.510623,On or near St Martin'S Lane,E01004734,Westminster 018A,Public order,Status update unavailable,
9f7eeaff3f83140ffb551ce67371c09e3f17bb5175d28795494d0df96daf4f29,2024-11,City of London Police,City of London Police,-0.111567,51.513757,On or near Middle Temple Lane,E01004735,Westminster 018B,Other theft,Investigation complete; no suspect identified,
0a253c45add625880f3e1f365a2f0ab9132b60a2ff95ced3616e9d1ab3a8f85c,2024-11,City of London Police,City of London Police,-0.111567,51.513757,On or near Middle Temple Lane,E01004735,Westminster 018B,Public order,Investigation complete; no suspect identified,
0142c17c929c3f3a93403cbca31fba21d7c982e3db169d0fd191ffa7a2520763,2024-11,City of London Police,City of London Police,-0.111567,51.513757,On or near Middle Temple Lane,E01004735,Westminster 018B,Robbery,Status update unavailable,
,2024-11,City of London Police,City of London Police,,,No Location,,,Anti-social behaviour,,
,2024-11,City of London Police,City of London Police,,,No Location,,,Anti-social behaviour,,
0d77648d9fd8de78dfe587f0f9fc9a3ff06a7bc8c1a1ebb8d1425e0302e4ecf6,2024-11,City of London Police,City of London Police,,,No Location,,,Bicycle theft,Investigation complete; no suspect identified,
ad50f20726ade393e3ea968bddd0a5c12e1a03c25e25ae9721d3a5584f9468bf,2024-11,City of London Police,City of London Police,,,No Location,,,Burglary,Investigation complete; no suspect identified,
f7f6e776e91626a6a74309bb75cf8edc968a6a8cbe1cbc760c02f18c51cc9832,2024-11,City of London Police,City of London Police,,,No Location,,,Burglary,Investigation complete; no suspect identified,
7c2f38dce02aff3c222db496259e14c1becd85a5de00d6ccd05edcb4c8c2b8f2,2024-11,City of London Police,City of London Police,,,No Location,,,Criminal damage and arson,Status update unavailable,
f1f2d0354efde62460abac4cff3c2f3bb98d5e93adb9c9fa86fd5e914649c801,2024-11,City of London Police,City of London Police,,,No Location,,,Drugs,Court result unavailable,
ec98eed012263a51957480de1f082cf165a90ffb43d92fdea0dd985fca16d279,2024-11,City of London Police,City of London Police,,,No Location,,,Drugs,Status update unavailable,
cc875b1d28c6687346287fd0b2070022e15869376f4fa368e3ac2f5ebe629dc4,2024-11,City of London Police,City of London Police,,,No Location,,,Drugs,Court result unavailable,
344b3884ce8b71d59a71ac0083f384514b723c476995de4fa78c174aa6213e3c,2024-11,City of London Police,City of London Police,,,No Location,,,Drugs,Local resolution,
80b1396383bd8a34a4d82b441fae8b1c3f5ad9629f98f04f1ce42490fde2d9e7,2024-11,City of London Police,City of London Police,,,No Location,,,Drugs,Formal action is not in the public interest,
5fb7df93b70fec5e98149122b543911bc64a598b75ced66ed713a188521b159f,2024-11,City of London Police,City of London Police,,,No Location,,,Drugs,Status update unavailable,
701aaa32c999d084e8e829b76988b96a9031d4e48af689b03834fccf6ba830f6,2024-11,City of London Police,City of London Police,,,No Location,,,Drugs,Local resolution,
d323b2bd959ae73c9b903cef466f25405661b27f5bb9f016e48bd6c669c23396,2024-11,City of London Police,City of London Police,,,No Location,,,Drugs,Status update unavailable,
358b36f734355bc8838edf4d46990b4752c04e84020855c29cefa9dc41656012,2024-11,City of London Police,City of London Police,,,No Location,,,Drugs,Offender given a drugs possession warning,
14844bd71591a2191109eac4c4c7181897c18d9bba8135e15e629f3618244cf5,2024-11,City of London Police,City of London Police,,,No Location,,,Drugs,Offender given a drugs possession warning,
393cdedbd117dd1f85dcbe9f8200d3ed56674087845254340fe1cfa45cc762f9,2024-11,City of London Police,City of London Police,,,No Location,,,Drugs,Court result unavailable,
6da02745ef6593c138f53e9a24954e2d5917fca14c0da490a4c5e0fb8a16677e,2024-11,City of London Police,City of London Police,,,No Location,,,Drugs,Unable to prosecute suspect,
f42cea6ff2473325b9790af367c5701fb79a1d80136fe4b1108ac04caaa18c2b,2024-11,City of London Police,City of London Police,,,No Location,,,Other theft,Unable to prosecute suspect,
9044202639a02d69d73c26dd9c542a569f368ed0ea28afdc867f60790bfdb7b8,2024-11,City of London Police,City of London Police,,,No Location,,,Other theft,Status update unavailable,
ab7b3af32eca13c3c8912b37e0b9aae2b4b6c376fdf0b7e59227c25b0a11427f,2024-11,City of London Police,City of London Police,,,No Location,,,Other theft,Investigation complete; no suspect identified,
c53c91c2452717be72379d4577630bcd60b7c6b899e33e27dc26abe2743a83d7,2024-11,City of London Police,City of London Police,,,No Location,,,Other theft,Investigation complete; no suspect identified,
6fc30e5e048ae7eb2a643d589508711daac847273cac505958a5d489f1f0f6b2,2024-11,City of London Police,City of London Police,,,No Location,,,Other theft,Investigation complete; no suspect identified,
0f4d44e8b2b2d9c51dd0b45a8adfd2884bf029160853ffbffbf74b771c49bd46,2024-11,City of London Police,City of London Police,,,No Location,,,Other theft,Investigation complete; no suspect identified,
ef9f41655654f19eaf74bdab702fae659471d88bd2313959ad4f99e5679c158d,2024-11,City of London Police,City of London Police,,,No Location,,,Other theft,Status update unavailable,
6157e49415a3a25cbc30c0597813bc006474a6fd2dd4e78e4e1a327db5b8ae74,2024-11,City of London Police,City of London Police,,,No Location,,,Other theft,Investigation complete; no suspect identified,
d33e59d0801e3e23165c1e0cf515fc9fc80082405d6ba7f47937b9d11d8aeb1f,2024-11,City of London Police,City of London Police,,,No Location,,,Other theft,Investigation complete; no suspect identified,
9b8cc414b1ff6b1eb115800aea719d4be6177549ad53fc8b8619a7585d01ad75,2024-11,City of London Police,City of London Police,,,No Location,,,Other theft,Investigation complete; no suspect identified,
48464b5ca5d83ee62a62544f794e52764f187d0def31697c1340a3cd801aee71,2024-11,City of London Police,City of London Police,,,No Location,,,Other theft,Status update unavailable,
54980da5eadffe1e8193f716d71c8ff2e6211545514906a59fa96e2f3ae0df1a,2024-11,City of London Police,City of London Police,,,No Location,,,Public order,Unable to prosecute suspect,
735997f2c1e9849ef944d521cb3fb6b720bd8479f07846b0d7e28864bd98405b,2024-11,City of London Police,City of London Police,,,No Location,,,Public order,Investigation complete; no suspect identified,
4661e6a939b7f8be3cc03191516c6e66fd1b4fd60cb8a4f14f2570e2d72bcb25,2024-11,City of London Police,City of London Police,,,No Location,,,Public order,Unable to prosecute suspect,
951dc1ed555fd0934c24a2ad59e9cd61bd59a0a39b4e3304505a0f792d1a0b4b,2024-11,City of London Police,City of London Police,,,No Location,,,Robbery,Investigation complete; no suspect identified,
f0f6ada0ce9041b1b85e3db9095e7cc02fad80c322f5b19f7b3a2beb82518946,2024-11,City of London Police,City of London Police,,,No Location,,,Shoplifting,Investigation complete; no suspect identified,
55fea22a0b00152784fe2834ef38aeac44c0b5fb056f32462486c9e3bdff3304,2024-11,City of London Police,City of London Police,,,No Location,,,Shoplifting,Court result unavailable,
f0f6ada0ce9041b1b85e3db9095e7cc02fad80c322f5b19f7b3a2beb82518946,2024-11,City of London Police,City of London Police,,,No Location,,,Shoplifting,Status update unavailable,
1b2eb16dfc5e049d729e9d6665d34462eda4b86092394406f51474a61f4d3bd3,2024-11,City of London Police,City of London Police,,,No Location,,,Shoplifting,Unable to prosecute suspect,
7d737142800c9976c115131cf7f8526d0c851f4dd11f31208a98fe310aac0088,2024-11,City of London Police,City of London Police,,,No Location,,,Shoplifting,Unable to prosecute suspect,
0e8a0e4c99b67b6d736ee6535f9a02f313830a5092d4d5a330f72a6477fa61b4,2024-11,City of London Police,City of London Police,,,No Location,,,Theft from the person,Investigation complete; no suspect identified,
80bb4bcea6e486e7eee48272e93eac9297f9446c55746ea528992792f3eacf36,2024-11,City of London Police,City of London Police,,,No Location,,,Theft from the person,Unable to prosecute suspect,
93b1c728f2e6737c5bf0e423491164c38d04e86a3802100c9f3972ccb2e11523,2024-11,City of London Police,City of London Police,,,No Location,,,Theft from the person,Unable to prosecute suspect,
fc12bb6f5372e9c6d74c94e76cc6e861d0d0c9662218a21b0c189e5d817c8c3d,2024-11,City of London Police,City of London Police,,,No Location,,,Theft from the person,Investigation complete; no suspect identified,
f117522f801b57b0b051285868fb0dca4bed88b3f3a3240bff06707550bbac66,2024-11,City of London Police,City of London Police,,,No Location,,,Theft from the person,Investigation complete; no suspect identified,
2244f27cc35cc4b647c79a01949d346ef43e200b83fc7d14655fc297df2b004c,2024-11,City of London Police,City of London Police,,,No Location,,,Theft from the person,Investigation complete; no suspect identified,
f85ac1925b143c27305949369c42c5ebf964ca8b3fd303fe7971779bc13ddf64,2024-11,City of London Police,City of London Police,,,No Location,,,Theft from the person,Investigation complete; no suspect identified,
c849a2d79d29f3cae277a4f6c3f7af0e63ab02a1c8c09528203af20f5aae0ea6,2024-11,City of London Police,City of London Police,,,No Location,,,Theft from the person,Investigation complete; no suspect identified,
9af8b0acb6e8f3c6cb5c99ae0cb30525771883f13984fb8ad26ff6850f5f8ad9,2024-11,City of London Police,City of London Police,,,No Location,,,Theft from the person,Investigation complete; no suspect identified,
7faaad7b7d8f20e6a69b7f72d98b4a5ccd9dd509b9e792ea6dec11309863d1b8,2024-11,City of London Police,City of London Police,,,No Location,,,Theft from the person,Investigation complete; no suspect identified,
1e3acbc5be38852256270da1867854231892cf2ce443296cff2facc644250ee0,2024-11,City of London Police,City of London Police,,,No Location,,,Theft from the person,Investigation complete; no suspect identified,
4553bbff7d07bb52dc8680d811ec23e8522de67470c0026cc764212ed284d048,2024-11,City of London Police,City of London Police,,,No Location,,,Theft from the person,Investigation complete; no suspect identified,
8d38bee2faaeb65b554a5454c4d40ac9b02cfa11f0dd33ff11dea32d1548e117,2024-11,City of London Police,City of London Police,,,No Location,,,Theft from the person,Investigation complete; no suspect identified,
63826f8c09e75bb4839ebd645d93938051f9e77c5bc5582ea47f8d124eacb721,2024-11,City of London Police,City of London Police,,,No Location,,,Theft from the person,Investigation complete; no suspect identified,
6d1eaf4a55672ffa51acb1069bc6b2c2d21975a90cb58d015b684d8f89222392,2024-11,City of London Police,City of London Police,,,No Location,,,Theft from the person,Investigation complete; no suspect identified,
d6a8e0497cf58ec90e7e6a0a29f5a0b34474417f6dbe6b8dc63ef6cfd6481bc0,2024-11,City of London Police,City of London Police,,,No Location,,,Theft from the person,Investigation complete; no suspect identified,
0d1288da644d9484389e840961c2a2ec729f08e7c3269e6cb816030e128ddc41,2024-11,City of London Police,City of London Police,,,No Location,,,Vehicle crime,Investigation complete; no suspect identified,
bc8afd7cfaa9d85052e5ac21ce4495c670e51b967f8b6afb0138b8910b40296e,2024-11,City of London Police,City of London Police,,,No Location,,,Violence and sexual offences,Investigation complete; no suspect identified,
defc36c0508ae79215a68d6efaa8da2266438b318bffb168d52ae59f645ccdd2,2024-11,City of London Police,City of London Police,,,No Location,,,Violence and sexual offences,Court result unavailable,
17acd21d40e83cf62ddfd8739c63429b74534e38914618590a3ce75527f6bc33,2024-11,City of London Police,City of London Police,,,No Location,,,Violence and sexual offences,Court result unavailable,
8bfc7a00486b009dd87637390b85654684069933325f8a117e4d7d3c301b7260,2024-11,City of London Police,City of London Police,,,No Location,,,Violence and sexual offences,Investigation complete; no suspect identified,
666ac2701c4f65829f0dc9626904451897f656e31e8c27824b13e74fb5c94d81,2024-11,City of London Police,City of London Police,,,No Location,,,Violence and sexual offences,Status update unavailable,
700e712e938e3b91c557e9f0c05512421e03f499e27ad1f4371e3e0502eb233f,2024-11,City of London Police,City of London Police,,,No Location,,,Violence and sexual offences,Status update unavailable,
6d5b8eb6abb3d1f75eb45dc962753dd1d45d140a3a80b5a8ec814e61c367ba74,2024-11,City of London Police,City of London Police,,,No Location,,,Violence and sexual offences,Unable to prosecute suspect,
be3391123e8c05624ec2adb4c6aa927ec584d59757b8861525ca827ca6fb6c32,2024-11,City of London Police,City of London Police,,,No Location,,,Violence and sexual offences,Unable to prosecute suspect,
8e59a63101affaf0b65dc653770b3f3033b5afac4d083752ad96cdfaa6a46b31,2024-11,City of London Police,City of London Police,,,No Location,,,Violence and sexual offences,Status update unavailable,
f25b21fae987bea86db3f1e6a47e642e05162ead5a0381ddee477a3f016e294b,2024-11,City of London Police,City of London Police,,,No Location,,,Violence and sexual offences,Action to be taken by another organisation,
f81f880d683b5b5ac2f2661f6aaff1d6c274613a65410a37c0f209ecd74cda31,2024-11,City of London Police,City of London Police,,,No Location,,,Violence and sexual offences,Investigation complete; no suspect identified,
2168a7539de5b8b889202f168066773c9ec659f2d76bbfb78a233be41923e391,2024-11,City of London Police,City of London Police,,,No Location,,,Violence and sexual offences,Investigation complete; no suspect identified,
756df6f4f641c9058e9a96b858651937ea5d0eab4a31280fb07f4d217f41e017,2024-11,City of London Police,City of London Police,,,No Location,,,Violence and sexual offences,Investigation complete; no suspect identified,
e7435c4869c5b2b859e38ccd9b851a400a8f2ce2478dd61d462d38ebffcb9c46,2024-11,City of London Police,City of London Police,,,No Location,,,Violence and sexual offences,Investigation complete; no suspect identified,
c2d601dfa3f3481ea8ce88ed9213dd6c149a9a2d9f6bc23470f4c5eb5ff45870,2024-11,City of London Police,City of London Police,,,No Location,,,Violence and sexual offences,Status update unavailable,
06588e743b22f5e721713f09d7953220aa00e80a6408509ef5357e0928d4fc98,2024-11,City of London Police,City of London Police,,,No Location,,,Violence and sexual offences,Court result unavailable,
f6ada49aa5f26dd2bc74239f6fe1ae6cc70710be33a828c3adeb8f3e7e596448,2024-11,City of London Police,City of London Police,,,No Location,,,Violence and sexual offences,Investigation complete; no suspect identified,
b75ed52065abd83cd228dfd71890e12c6c91f4f84e807f9715a69d515776e797,2024-11,City of London Police,City of London Police,,,No Location,,,Violence and sexual offences,Status update unavailable,
37f1bbfa68e506a4465276c99daa3250933924864d795addcfe3a2b19b3f3b74,2024-11,City of London Police,City of London Police,,,No Location,,,Violence and sexual offences,Court result unavailable,
4150e82b8f3a432f09778698ace53e40ded2e39a730433894ea7ff8d4759d0a3,2024-11,City of London Police,City of London Police,,,No Location,,,Violence and sexual offences,Unable to prosecute suspect,
0a018f90d2ea6f426c99d5e4e85d9b40b16e5ce86afa1c50057c1b5e5827678b,2024-11,City of London Police,City of London Police,,,No Location,,,Other crime,Further action is not in the public interest,
a2c6ee9c912cbd5e89306cfc99a49646917d2e596172b2e380e847308af218bf,2024-11,City of London Police,City of London Police,,,No Location,,,Other crime,Status update unavailable,
e6f99d3907c3f15ff14affe4adfdb0bd8a362452d01dabdf2c706b534924d5f3,2024-11,City of London Police,City of London Police,,,No Location,,,Other crime,Status update unavailable,
bbd1e778b6e7aeab646c8327f84ea52baf74a0bf9c1aa19261cf36ddc7db324b,2024-11,City of London Police,City of London Police,,,No Location,,,Other crime,Investigation complete; no suspect identified,
fa4f5925ebf5b62f0ba4287d834523377604afb0543be9774ff9ecb1bb228755,2024-11,City of London Police,City of London Police,,,No Location,,,Other crime,Status update unavailable,
